1739495443057 0.00015000000000000001 0
1739495445273 0.00030940625 1
1739495447300 0.000465595 2
1739495449381 0.00061856625 3
1739495451318 0.00076832 4
1739495453311 0.0009148562499999999 5
1739495455254 0.001058175 6
1739495457105 0.001163375 7
1739495459012 0.0011510000000000001 8
1739495460964 0.001138625 9
1739495463017 0.00112625 10
1739495465025 0.001113875 11
1739495466978 0.0011015 12
1739495468916 0.001089125 13
1739495470805 0.00107675 14
1739495472701 0.001064375 15
1739495474604 0.001052 16
1739495476506 0.001039625 17
1739495478497 0.0010272500000000002 18
1739495480508 0.0010148750000000002 19
1739495482415 0.0010025000000000001 20
1739495484330 0.0009901250000000001 21
1739495486246 0.00097775 22
1739495488157 0.000965375 23
1739495489984 0.000953 24
1739495491879 0.000940625 25
1739495493800 0.00092825 26
1739495495697 0.000915875 27
1739495497573 0.0009035 28
1739495499399 0.000891125 29
1739495501266 0.00087875 30
1739495503247 0.000866375 31
1739495505244 0.0008539999999999999 32
1739495507229 0.0008416249999999999 33
1739495509173 0.0008292499999999999 34
1739495511109 0.000816875 35
1739495512964 0.0008045000000000001 36
1739495514915 0.0007921250000000001 37
1739495516811 0.0007797500000000001 38
1739495518744 0.000767375 39
1739495520647 0.000755 40
1739495522574 0.0007426250000000001 41
1739495524573 0.0007302500000000001 42
1739495526408 0.0007178750000000001 43
1739495528313 0.0007055000000000001 44
1739495530238 0.0006931250000000001 45
1739495532042 0.0006807500000000001 46
1739495533950 0.0006683750000000001 47
1739495535890 0.0006560000000000001 48
1739495537786 0.000643625 49
1739495539735 0.00063125 50
1739495541753 0.000618875 51
1739495543595 0.0006064999999999999 52
1739495545510 0.000594125 53
1739495547323 0.00058175 54
1739495549247 0.000569375 55
1739495551090 0.000557 56
1739495552959 0.0005446250000000001 57
1739495554854 0.0005322500000000001 58
1739495556809 0.000519875 59
1739495558759 0.0005075 60
1739495560697 0.000495125 61
1739495562631 0.00048275 62
1739495564607 0.00047037500000000004 63
1739495566504 0.000458 64
1739495568389 0.000445625 65
1739495570318 0.00043325 66
1739495572170 0.0004208749999999999 67
1739495573985 0.0004085 68
1739495575851 0.0003961250000000001 69
1739495577782 0.0003837500000000001 70
1739495579720 0.00037137500000000007 71
1739495581611 0.000359 72
1739495583504 0.0003466250000000001 73
1739495585399 0.00033425 74
1739495587258 0.000321875 75
1739495589166 0.0003095 76
1739495591120 0.000297125 77
1739495592990 0.00028474999999999996 78
1739495594933 0.000272375 79
1739495596798 0.00026 80
1739495598655 0.0002476249999999999 81
1739495600539 0.00023525000000000008 82
1739495602426 0.00022287500000000006 83
1739495604304 0.00021050000000000008 84
1739495606191 0.00019812500000000003 85
1739495608078 0.00018575000000000002 86
1739495609952 0.00017337500000000003 87
1739495611804 0.000161 88
1739495613697 0.00014862499999999997 89
1739495616887 0.00013624999999999998 90
1739495618843 0.00012387499999999996 91
1739495620688 0.00011149999999999995 92
1739495622597 9.912499999999993e-05 93
1739495624478 8.675000000000006e-05 94
1739495626367 7.437500000000006e-05 95
1739495628256 6.200000000000006e-05 96
1739495630166 4.9625000000000034e-05 97
1739495632043 3.7250000000000025e-05 98
1739495633975 2.4875000000000012e-05 99
