1739495443660 0.35747 0
1739495445810 0.75905 1
1739495447879 0.78754 2
1739495449904 0.9057 3
1739495451858 0.90643 4
1739495453847 0.91251 5
1739495455725 0.89948 6
1739495457627 0.89153 7
1739495459504 0.9076 8
1739495461534 0.91395 9
1739495463557 0.91613 10
1739495465567 0.91811 11
1739495467471 0.89952 12
1739495469380 0.91064 13
1739495471341 0.91841 14
1739495473188 0.90721 15
1739495475071 0.91569 16
1739495477048 0.92698 17
1739495479034 0.92974 18
1739495481009 0.9187 19
1739495482903 0.92483 20
1739495484802 0.91749 21
1739495486762 0.91149 22
1739495488625 0.91435 23
1739495490478 0.9192 24
1739495492373 0.91652 25
1739495494283 0.91491 26
1739495496168 0.9181 27
1739495498031 0.92012 28
1739495499846 0.92213 29
1739495501757 0.9178 30
1739495503711 0.92451 31
1739495505705 0.92779 32
1739495507712 0.91874 33
1739495509645 0.92944 34
1739495511573 0.92348 35
1739495513421 0.92691 36
1739495515357 0.92198 37
1739495517277 0.91391 38
1739495519227 0.92706 39
1739495521182 0.93161 40
1739495523097 0.93164 41
1739495525037 0.92972 42
1739495526861 0.9242 43
1739495528834 0.93381 44
1739495530680 0.93074 45
1739495532506 0.9318 46
1739495534423 0.93018 47
1739495536365 0.93296 48
1739495538285 0.93506 49
1739495540241 0.94452 50
1739495542176 0.93456 51
1739495544041 0.9251 52
1739495545938 0.93534 53
1739495547776 0.93262 54
1739495549692 0.94264 55
1739495551549 0.93989 56
1739495553425 0.936 57
1739495555343 0.93406 58
1739495557282 0.94037 59
1739495559229 0.93451 60
1739495561156 0.93231 61
1739495563093 0.93075 62
1739495565061 0.94055 63
1739495566951 0.94267 64
1739495568870 0.93524 65
1739495570761 0.93129 66
1739495572610 0.93696 67
1739495574452 0.93534 68
1739495576319 0.93935 69
1739495578263 0.93896 70
1739495580190 0.94327 71
1739495582061 0.93947 72
1739495583982 0.93948 73
1739495585854 0.93734 74
1739495587719 0.9408 75
1739495589687 0.94822 76
1739495591575 0.94153 77
1739495593477 0.94263 78
1739495595406 0.93914 79
1739495597245 0.94133 80
1739495599113 0.94095 81
1739495601004 0.94378 82
1739495602892 0.9479 83
1739495604781 0.94107 84
1739495606676 0.94133 85
1739495608546 0.94033 86
1739495610416 0.94183 87
1739495612283 0.94226 88
1739495614163 0.94235 89
1739495617387 0.94208 90
1739495619303 0.94115 91
1739495621164 0.94089 92
1739495623065 0.94536 93
1739495624951 0.94105 94
1739495626832 0.94115 95
1739495628734 0.9421 96
1739495630627 0.94291 97
1739495632519 0.94312 98
1739495634412 0.94478 99
1739495638522 0.9479519813181791 99
