1739495443660 0.02274 0
1739495445810 0.07189 1
1739495447879 0.98809 2
1739495449904 0.99362 3
1739495451858 0.96536 4
1739495453847 0.95284 5
1739495455725 0.93104 6
1739495457627 0.97585 7
1739495459504 0.94076 8
1739495461534 0.98764 9
1739495463557 0.99529 10
1739495465567 0.99187 11
1739495467471 0.99638 12
1739495469380 0.9967 13
1739495471341 0.9971 14
1739495473188 0.99405 15
1739495475071 0.99669 16
1739495477048 0.98812 17
1739495479034 0.99727 18
1739495481009 0.99828 19
1739495482903 0.99511 20
1739495484802 0.99592 21
1739495486762 0.99711 22
1739495488625 0.9967 23
1739495490478 0.99788 24
1739495492373 0.99571 25
1739495494283 0.99463 26
1739495496168 0.9979 27
1739495498031 0.99777 28
1739495499846 0.99508 29
1739495501757 0.99728 30
1739495503711 0.9978 31
1739495505705 0.9975 32
1739495507712 0.99715 33
1739495509645 0.99814 34
1739495511573 0.99697 35
1739495513421 0.99737 36
1739495515357 0.99761 37
1739495517277 0.99769 38
1739495519227 0.99618 39
1739495521182 0.99811 40
1739495523097 0.99798 41
1739495525037 0.99817 42
1739495526861 0.99581 43
1739495528834 0.9981 44
1739495530680 0.99816 45
1739495532506 0.99744 46
1739495534423 0.99726 47
1739495536365 0.99756 48
1739495538285 0.99599 49
1739495540241 0.99794 50
1739495542176 0.99718 51
1739495544041 0.99849 52
1739495545938 0.99849 53
1739495547776 0.99793 54
1739495549692 0.99833 55
1739495551549 0.99785 56
1739495553425 0.99767 57
1739495555343 0.99694 58
1739495557282 0.99793 59
1739495559229 0.99763 60
1739495561156 0.99832 61
1739495563093 0.99818 62
1739495565061 0.99813 63
1739495566951 0.99857 64
1739495568870 0.99821 65
1739495570761 0.9979 66
1739495572610 0.99852 67
1739495574452 0.99779 68
1739495576319 0.99734 69
1739495578263 0.99842 70
1739495580190 0.99834 71
1739495582061 0.99819 72
1739495583982 0.99801 73
1739495585854 0.99833 74
1739495587719 0.99834 75
1739495589687 0.99795 76
1739495591575 0.99786 77
1739495593477 0.99819 78
1739495595406 0.99804 79
1739495597245 0.99774 80
1739495599113 0.99754 81
1739495601004 0.99795 82
1739495602892 0.99836 83
1739495604781 0.99808 84
1739495606676 0.99819 85
1739495608546 0.99812 86
1739495610416 0.99827 87
1739495612283 0.99828 88
1739495614163 0.99767 89
1739495617387 0.99786 90
1739495619303 0.99853 91
1739495621164 0.99835 92
1739495623065 0.99807 93
1739495624951 0.99793 94
1739495626832 0.99823 95
1739495628734 0.99827 96
1739495630627 0.99822 97
1739495632519 0.99812 98
1739495634412 0.9981 99
1739495638522 0.9979456684358012 99
