1739413632186 0.00024000000000000003 0
1739413635368 0.00049505 1
1739413637441 0.000744952 2
1739413639510 0.000989706 3
1739413641421 0.001229312 4
1739413643388 0.0014637700000000003 5
1739413645288 0.0016930799999999998 6
1739413647285 0.0018614 7
1739413649658 0.0018416 8
1739413651609 0.0018218000000000002 9
1739413653511 0.001802 10
1739413655504 0.0017822 11
1739413657399 0.0017624 12
1739413659353 0.0017426 13
1739413661255 0.0017228 14
1739413663666 0.001703 15
1739413665721 0.0016832000000000001 16
1739413667694 0.0016634 17
1739413669586 0.0016436000000000003 18
1739413671502 0.0016238000000000001 19
1739413673707 0.0016040000000000002 20
1739413675559 0.0015842 21
1739413677459 0.0015644 22
1739413679349 0.0015446 23
1739413681229 0.0015248 24
1739413683717 0.0015049999999999998 25
1739413685605 0.0014852 26
1739413687589 0.0014654000000000002 27
1739413689532 0.0014456 28
1739413691401 0.0014258 29
1739413693531 0.001406 30
1739413695457 0.0013862 31
1739413697421 0.0013663999999999998 32
1739413699265 0.0013465999999999999 33
1739413701207 0.0013267999999999997 34
1739413703132 0.001307 35
1739413705226 0.0012872 36
1739413707082 0.0012674000000000001 37
1739413708915 0.0012476 38
1739413710756 0.0012278 39
1739413712593 0.001208 40
1739413714449 0.0011882000000000002 41
1739413716331 0.0011684000000000002 42
1739413718266 0.0011486 43
1739413720135 0.0011288000000000001 44
1739413722047 0.001109 45
1739413723871 0.0010892000000000002 46
1739413725803 0.0010694 47
1739413727720 0.0010496000000000001 48
1739413729575 0.0010298 49
1739413731483 0.00101 50
1739413733391 0.0009901999999999999 51
1739413735310 0.0009704 52
1739413737946 0.0009506 53
1739413739785 0.0009308 54
1739413741643 0.0009109999999999999 55
1739413743507 0.0008911999999999999 56
1739413745685 0.0008714 57
1739413747574 0.0008516000000000001 58
1739413749553 0.0008318000000000002 59
1739413751407 0.0008120000000000001 60
1739413753252 0.0007922000000000001 61
1739413755380 0.0007724 62
1739413757346 0.0007526000000000001 63
1739413759253 0.0007328 64
1739413761138 0.000713 65
1739413763109 0.0006931999999999999 66
1739413764992 0.0006733999999999999 67
1739413766952 0.0006536 68
1739413768889 0.0006338000000000001 69
1739413770852 0.0006140000000000001 70
1739413772741 0.0005942 71
1739413774625 0.0005744000000000001 72
1739413777117 0.0005546000000000001 73
1739413779048 0.0005348000000000001 74
1739413780995 0.000515 75
1739413782911 0.0004952 76
1739413784859 0.0004754 77
1739413786731 0.00045559999999999996 78
1739413788676 0.00043579999999999997 79
1739413790641 0.0004159999999999999 80
1739413792456 0.00039619999999999987 81
1739413794313 0.00037640000000000015 82
1739413796994 0.0003566000000000001 83
1739413799075 0.0003368000000000001 84
1739413800947 0.00031700000000000006 85
1739413802814 0.0002972 86
1739413804678 0.0002774 87
1739413806566 0.00025760000000000003 88
1739413808538 0.00023779999999999995 89
1739413811674 0.00021799999999999996 90
1739413813667 0.00019819999999999994 91
1739413815516 0.00017839999999999992 92
1739413817316 0.00015859999999999987 93
1739413819167 0.0001388000000000001 94
1739413821051 0.0001190000000000001 95
1739413822901 9.920000000000008e-05 96
1739413824733 7.940000000000006e-05 97
1739413826545 5.9600000000000046e-05 98
1739413828382 3.980000000000002e-05 99
