1739651373997 0.00024000000000000003 0
1739651376204 0.00049505 1
1739651378155 0.000744952 2
1739651380063 0.000989706 3
1739651382017 0.001229312 4
1739651384011 0.0014637700000000003 5
1739651385920 0.0016930799999999998 6
1739651387858 0.0018614 7
1739651389776 0.0018416 8
1739651391663 0.0018218000000000002 9
1739651393523 0.001802 10
1739651395448 0.0017822 11
1739651397348 0.0017624 12
1739651399235 0.0017426 13
1739651401053 0.0017228 14
1739651402947 0.001703 15
1739651404842 0.0016832000000000001 16
1739651406734 0.0016634 17
1739651408620 0.0016436000000000003 18
1739651410482 0.0016238000000000001 19
1739651412376 0.0016040000000000002 20
1739651414337 0.0015842 21
1739651416242 0.0015644 22
1739651418113 0.0015446 23
1739651419969 0.0015248 24
1739651421866 0.0015049999999999998 25
1739651423688 0.0014852 26
1739651425642 0.0014654000000000002 27
1739651427543 0.0014456 28
1739651429425 0.0014258 29
1739651431235 0.001406 30
1739651433103 0.0013862 31
1739651435044 0.0013663999999999998 32
1739651436913 0.0013465999999999999 33
1739651438797 0.0013267999999999997 34
1739651440671 0.001307 35
1739651442536 0.0012872 36
1739651444366 0.0012674000000000001 37
1739651446419 0.0012476 38
1739651448367 0.0012278 39
1739651450270 0.001208 40
1739651452075 0.0011882000000000002 41
1739651453953 0.0011684000000000002 42
1739651455845 0.0011486 43
1739651457652 0.0011288000000000001 44
1739651459527 0.001109 45
1739651461360 0.0010892000000000002 46
1739651463268 0.0010694 47
1739651465180 0.0010496000000000001 48
1739651467017 0.0010298 49
1739651468909 0.00101 50
1739651470772 0.0009901999999999999 51
1739651472684 0.0009704 52
1739651474624 0.0009506 53
1739651476513 0.0009308 54
1739651478449 0.0009109999999999999 55
1739651480333 0.0008911999999999999 56
1739651482168 0.0008714 57
1739651483998 0.0008516000000000001 58
1739651485848 0.0008318000000000002 59
1739651487675 0.0008120000000000001 60
1739651489465 0.0007922000000000001 61
1739651491258 0.0007724 62
1739651493088 0.0007526000000000001 63
1739651494924 0.0007328 64
1739651496821 0.000713 65
1739651498731 0.0006931999999999999 66
1739651500636 0.0006733999999999999 67
1739651502543 0.0006536 68
1739651504550 0.0006338000000000001 69
1739651506383 0.0006140000000000001 70
1739651508177 0.0005942 71
1739651510035 0.0005744000000000001 72
1739651511847 0.0005546000000000001 73
1739651513725 0.0005348000000000001 74
1739651515641 0.000515 75
1739651517424 0.0004952 76
1739651519307 0.0004754 77
1739651521158 0.00045559999999999996 78
1739651523048 0.00043579999999999997 79
1739651524942 0.0004159999999999999 80
1739651526810 0.00039619999999999987 81
1739651528650 0.00037640000000000015 82
1739651530608 0.0003566000000000001 83
1739651532455 0.0003368000000000001 84
1739651534366 0.00031700000000000006 85
1739651536172 0.0002972 86
1739651538049 0.0002774 87
1739651539937 0.00025760000000000003 88
1739651541837 0.00023779999999999995 89
1739651544968 0.00021799999999999996 90
1739651546987 0.00019819999999999994 91
1739651548815 0.00017839999999999992 92
1739651550643 0.00015859999999999987 93
1739651552471 0.0001388000000000001 94
1739651554305 0.0001190000000000001 95
1739651556150 9.920000000000008e-05 96
1739651558252 7.940000000000006e-05 97
1739651560122 5.9600000000000046e-05 98
1739651561935 3.980000000000002e-05 99
