1739413632186 0.73097 0
1739413635368 0.59491 1
1739413637441 0.58048 2
1739413639510 0.61381 3
1739413641421 0.66426 4
1739413643388 0.67572 5
1739413645288 0.6712 6
1739413647285 0.69006 7
1739413649658 0.59769 8
1739413651609 0.6478 9
1739413653511 0.63881 10
1739413655504 0.63811 11
1739413657399 0.63309 12
1739413659353 0.62006 13
1739413661255 0.61489 14
1739413663666 0.62474 15
1739413665721 0.61782 16
1739413667694 0.59394 17
1739413669586 0.60417 18
1739413671502 0.59184 19
1739413673707 0.55771 20
1739413675559 0.56874 21
1739413677459 0.53988 22
1739413679349 0.5872 23
1739413681229 0.57786 24
1739413683717 0.54572 25
1739413685605 0.58382 26
1739413687589 0.57473 27
1739413689532 0.51505 28
1739413691401 0.52942 29
1739413693531 0.52972 30
1739413695457 0.54371 31
1739413697421 0.53565 32
1739413699265 0.51422 33
1739413701207 0.53748 34
1739413703132 0.52704 35
1739413705226 0.53216 36
1739413707082 0.54113 37
1739413708915 0.53743 38
1739413710756 0.5314 39
1739413712593 0.52058 40
1739413714449 0.48834 41
1739413716331 0.49568 42
1739413718266 0.52485 43
1739413720135 0.51019 44
1739413722047 0.47633 45
1739413723871 0.53687 46
1739413725803 0.52375 47
1739413727720 0.48995 48
1739413729575 0.48641 49
1739413731483 0.48428 50
1739413733391 0.473 51
1739413735310 0.48966 52
1739413737946 0.46974 53
1739413739785 0.4228 54
1739413741643 0.44238 55
1739413743507 0.4579 56
1739413745685 0.45901 57
1739413747574 0.4298 58
1739413749553 0.46278 59
1739413751407 0.44713 60
1739413753252 0.42455 61
1739413755380 0.44747 62
1739413757346 0.44121 63
1739413759253 0.42768 64
1739413761138 0.45369 65
1739413763109 0.42535 66
1739413764992 0.42229 67
1739413766952 0.43147 68
1739413768889 0.42526 69
1739413770852 0.45847 70
1739413772741 0.38745 71
1739413774625 0.42139 72
1739413777117 0.40676 73
1739413779048 0.40824 74
1739413780995 0.40868 75
1739413782911 0.40966 76
1739413784859 0.39227 77
1739413786731 0.39112 78
1739413788676 0.40334 79
1739413790641 0.38124 80
1739413792456 0.39551 81
1739413794313 0.40648 82
1739413796994 0.39978 83
1739413799075 0.39053 84
1739413800947 0.37774 85
1739413802814 0.38262 86
1739413804678 0.37106 87
1739413806566 0.37364 88
1739413808538 0.37858 89
1739413811674 0.31568 90
1739413813667 0.3054 91
1739413815516 0.29781 92
1739413817316 0.28809 93
1739413819167 0.30488 94
1739413821051 0.28752 95
1739413822901 0.2888 96
1739413824733 0.29144 97
1739413826545 0.27726 98
1739413828382 0.29175 99
