1739413632186 1.21162 0
1739413635368 1.0674 1
1739413637441 1.04188 2
1739413639510 1.05912 3
1739413641421 1.06929 4
1739413643388 1.08478 5
1739413645288 1.0686 6
1739413647285 1.08 7
1739413649658 1.03177 8
1739413651609 1.06458 9
1739413653511 1.0542 10
1739413655504 1.07179 11
1739413657399 1.05478 12
1739413659353 1.03539 13
1739413661255 1.04249 14
1739413663666 1.02911 15
1739413665721 1.04524 16
1739413667694 1.04061 17
1739413669586 1.03267 18
1739413671502 1.03088 19
1739413673707 0.99383 20
1739413675559 1.03949 21
1739413677459 0.97597 22
1739413679349 1.04327 23
1739413681229 1.02675 24
1739413683717 0.99596 25
1739413685605 1.04057 26
1739413687589 1.02429 27
1739413689532 0.97076 28
1739413691401 0.9958 29
1739413693531 1.00446 30
1739413695457 0.99954 31
1739413697421 1.00792 32
1739413699265 0.98328 33
1739413701207 0.98177 34
1739413703132 0.99603 35
1739413705226 1.01373 36
1739413707082 1.00672 37
1739413708915 1.01131 38
1739413710756 1.00355 39
1739413712593 0.98034 40
1739413714449 0.97112 41
1739413716331 0.97362 42
1739413718266 0.98759 43
1739413720135 0.99052 44
1739413722047 0.98761 45
1739413723871 0.99829 46
1739413725803 1.02296 47
1739413727720 0.97552 48
1739413729575 0.98684 49
1739413731483 0.98672 50
1739413733391 0.98287 51
1739413735310 0.96756 52
1739413737946 0.95402 53
1739413739785 0.94471 54
1739413741643 0.96192 55
1739413743507 0.95377 56
1739413745685 0.96582 57
1739413747574 0.94622 58
1739413749553 0.95652 59
1739413751407 0.95454 60
1739413753252 0.94889 61
1739413755380 0.96308 62
1739413757346 0.95828 63
1739413759253 0.95419 64
1739413761138 0.96415 65
1739413763109 0.94773 66
1739413764992 0.94527 67
1739413766952 0.96691 68
1739413768889 0.95381 69
1739413770852 0.95705 70
1739413772741 0.92989 71
1739413774625 0.94694 72
1739413777117 0.93809 73
1739413779048 0.93795 74
1739413780995 0.94309 75
1739413782911 0.94249 76
1739413784859 0.94657 77
1739413786731 0.94047 78
1739413788676 0.92567 79
1739413790641 0.9288 80
1739413792456 0.94524 81
1739413794313 0.93987 82
1739413796994 0.94561 83
1739413799075 0.92547 84
1739413800947 0.9211 85
1739413802814 0.92778 86
1739413804678 0.91915 87
1739413806566 0.92394 88
1739413808538 0.92398 89
1739413811674 0.88602 90
1739413813667 0.87075 91
1739413815516 0.87822 92
1739413817316 0.86623 93
1739413819167 0.88642 94
1739413821051 0.85364 95
1739413822901 0.87258 96
1739413824733 0.86126 97
1739413826545 0.8587 98
1739413828382 0.88518 99
