1739495443057 0.63922 0
1739495445273 0.57474 1
1739495447300 0.54416 2
1739495449381 0.53043 3
1739495451318 0.53554 4
1739495453311 0.53174 5
1739495455254 0.53157 6
1739495457105 0.53225 7
1739495459012 0.51484 8
1739495460964 0.50897 9
1739495463017 0.48482 10
1739495465025 0.48871 11
1739495466978 0.49668 12
1739495468916 0.48694 13
1739495470805 0.47974 14
1739495472701 0.48686 15
1739495474604 0.48927 16
1739495476506 0.48541 17
1739495478497 0.47238 18
1739495480508 0.44683 19
1739495482415 0.45632 20
1739495484330 0.4697 21
1739495486246 0.48001 22
1739495488157 0.47391 23
1739495489984 0.45196 24
1739495491879 0.44257 25
1739495493800 0.44757 26
1739495495697 0.44535 27
1739495497573 0.44429 28
1739495499399 0.43927 29
1739495501266 0.43699 30
1739495503247 0.45322 31
1739495505244 0.42081 32
1739495507229 0.44192 33
1739495509173 0.43876 34
1739495511109 0.43051 35
1739495512964 0.45018 36
1739495514915 0.43109 37
1739495516811 0.43137 38
1739495518744 0.42802 39
1739495520647 0.41733 40
1739495522574 0.41678 41
1739495524573 0.41577 42
1739495526408 0.4239 43
1739495528313 0.41567 44
1739495530238 0.40321 45
1739495532042 0.42223 46
1739495533950 0.41282 47
1739495535890 0.40748 48
1739495537786 0.41351 49
1739495539735 0.41063 50
1739495541753 0.41088 51
1739495543595 0.41232 52
1739495545510 0.39944 53
1739495547323 0.39897 54
1739495549247 0.39605 55
1739495551090 0.41216 56
1739495552959 0.39598 57
1739495554854 0.4058 58
1739495556809 0.38961 59
1739495558759 0.38717 60
1739495560697 0.3913 61
1739495562631 0.38166 62
1739495564607 0.37833 63
1739495566504 0.38079 64
1739495568389 0.39653 65
1739495570318 0.37891 66
1739495572170 0.38194 67
1739495573985 0.3921 68
1739495575851 0.39927 69
1739495577782 0.38559 70
1739495579720 0.37869 71
1739495581611 0.38296 72
1739495583504 0.37845 73
1739495585399 0.37982 74
1739495587258 0.37024 75
1739495589166 0.35846 76
1739495591120 0.38558 77
1739495592990 0.36671 78
1739495594933 0.3613 79
1739495596798 0.3658 80
1739495598655 0.35891 81
1739495600539 0.35667 82
1739495602426 0.36581 83
1739495604304 0.35191 84
1739495606191 0.37361 85
1739495608078 0.34672 86
1739495609952 0.35891 87
1739495611804 0.36072 88
1739495613697 0.34802 89
1739495616887 0.3157 90
1739495618843 0.31382 91
1739495620688 0.31011 92
1739495622597 0.30705 93
1739495624478 0.31127 94
1739495626367 0.30578 95
1739495628256 0.30885 96
1739495630166 0.30414 97
1739495632043 0.30401 98
1739495633975 0.30249 99
