1739495443057 0.99438 0
1739495445273 0.94546 1
1739495447300 0.92357 2
1739495449381 0.91359 3
1739495451318 0.91202 4
1739495453311 0.91318 5
1739495455254 0.90565 6
1739495457105 0.90693 7
1739495459012 0.8974 8
1739495460964 0.91234 9
1739495463017 0.89398 10
1739495465025 0.89772 11
1739495466978 0.90288 12
1739495468916 0.89171 13
1739495470805 0.89633 14
1739495472701 0.89145 15
1739495474604 0.88628 16
1739495476506 0.89573 17
1739495478497 0.89271 18
1739495480508 0.88112 19
1739495482415 0.87243 20
1739495484330 0.89136 21
1739495486246 0.88556 22
1739495488157 0.88241 23
1739495489984 0.88838 24
1739495491879 0.87633 25
1739495493800 0.88616 26
1739495495697 0.87973 27
1739495497573 0.87703 28
1739495499399 0.8771 29
1739495501266 0.8792 30
1739495503247 0.88487 31
1739495505244 0.86815 32
1739495507229 0.87199 33
1739495509173 0.87546 34
1739495511109 0.88567 35
1739495512964 0.88457 36
1739495514915 0.87066 37
1739495516811 0.87145 38
1739495518744 0.88221 39
1739495520647 0.86819 40
1739495522574 0.87003 41
1739495524573 0.86312 42
1739495526408 0.8679 43
1739495528313 0.86028 44
1739495530238 0.86385 45
1739495532042 0.87357 46
1739495533950 0.87331 47
1739495535890 0.856 48
1739495537786 0.8695 49
1739495539735 0.86354 50
1739495541753 0.865 51
1739495543595 0.87253 52
1739495545510 0.86381 53
1739495547323 0.86518 54
1739495549247 0.85746 55
1739495551090 0.86673 56
1739495552959 0.8524 57
1739495554854 0.86311 58
1739495556809 0.86035 59
1739495558759 0.86474 60
1739495560697 0.86649 61
1739495562631 0.86183 62
1739495564607 0.85965 63
1739495566504 0.85725 64
1739495568389 0.87113 65
1739495570318 0.85468 66
1739495572170 0.86109 67
1739495573985 0.86305 68
1739495575851 0.86194 69
1739495577782 0.85101 70
1739495579720 0.85208 71
1739495581611 0.85657 72
1739495583504 0.855 73
1739495585399 0.85021 74
1739495587258 0.85653 75
1739495589166 0.84902 76
1739495591120 0.87492 77
1739495592990 0.85659 78
1739495594933 0.84635 79
1739495596798 0.8531 80
1739495598655 0.85436 81
1739495600539 0.85558 82
1739495602426 0.86235 83
1739495604304 0.84457 84
1739495606191 0.85538 85
1739495608078 0.84852 86
1739495609952 0.85175 87
1739495611804 0.85292 88
1739495613697 0.84691 89
1739495616887 0.81464 90
1739495618843 0.81857 91
1739495620688 0.81608 92
1739495622597 0.82221 93
1739495624478 0.81263 94
1739495626367 0.8114 95
1739495628256 0.81208 96
1739495630166 0.81682 97
1739495632043 0.81014 98
1739495633975 0.80674 99
