1739651623288 0.41208 0
1739651625348 0.83972 1
1739651627449 0.87515 2
1739651629460 0.995 3
1739651631383 0.995 4
1739651633433 0.995 5
1739651635359 0.995 6
1739651637298 0.995 7
1739651639208 0.995 8
1739651641198 0.995 9
1739651643210 0.995 10
1739651645146 0.995 11
1739651647034 0.995 12
1739651648992 0.995 13
1739651650943 0.995 14
1739651652819 0.995 15
1739651654673 0.995 16
1739651656610 0.995 17
1739651658551 0.995 18
1739651660440 0.995 19
1739651662341 0.995 20
1739651664276 0.995 21
1739651666249 0.995 22
1739651668221 0.995 23
1739651670078 0.995 24
1739651671891 0.995 25
1739651673728 0.995 26
1739651675649 0.995 27
1739651677538 0.995 28
1739651679430 0.995 29
1739651681329 0.995 30
1739651683276 0.995 31
1739651685177 0.995 32
1739651687084 0.995 33
1739651688991 0.995 34
1739651690861 0.995 35
1739651692718 0.995 36
1739651694589 0.995 37
1739651696523 0.995 38
1739651698475 0.995 39
1739651700393 0.995 40
1739651702400 0.995 41
1739651704316 0.995 42
1739651706142 0.995 43
1739651708087 0.995 44
1739651709964 0.995 45
1739651711850 0.995 46
1739651713796 0.995 47
1739651715755 0.995 48
1739651717671 0.995 49
1739651719617 0.995 50
1739651721494 0.995 51
1739651723351 0.995 52
1739651725290 0.995 53
1739651727178 0.995 54
1739651729109 0.995 55
1739651730961 0.995 56
1739651732850 0.995 57
1739651734799 0.995 58
1739651736712 0.995 59
1739651738589 0.995 60
1739651740493 0.995 61
1739651742428 0.995 62
1739651744339 0.995 63
1739651746223 0.995 64
1739651748161 0.995 65
1739651750058 0.995 66
1739651751962 0.995 67
1739651753900 0.995 68
1739651755745 0.995 69
1739651757615 0.995 70
1739651759465 0.995 71
1739651761306 0.995 72
1739651763173 0.995 73
1739651765054 0.995 74
1739651766962 0.995 75
1739651768899 0.995 76
1739651770856 0.995 77
1739651772811 0.995 78
1739651774694 0.995 79
1739651776609 0.995 80
1739651778515 0.995 81
1739651780438 0.995 82
1739651782305 0.995 83
1739651784206 0.995 84
1739651786116 0.995 85
1739651788014 0.995 86
1739651789930 0.995 87
1739651791818 0.995 88
1739651793708 0.995 89
1739651797023 0.995 90
1739651799015 0.995 91
1739651800868 0.995 92
1739651802794 0.995 93
1739651804638 0.995 94
1739651806498 0.995 95
1739651808414 0.995 96
1739651810306 0.995 97
1739651812187 0.995 98
1739651814086 0.995 99
1739651818203 0.995 99
