1739651623288 0.35747 0
1739651625348 0.75905 1
1739651627449 0.78754 2
1739651629460 0.9057 3
1739651631383 0.90643 4
1739651633433 0.91251 5
1739651635359 0.89948 6
1739651637298 0.89153 7
1739651639208 0.9076 8
1739651641198 0.91395 9
1739651643210 0.91613 10
1739651645146 0.91811 11
1739651647034 0.89952 12
1739651648992 0.91064 13
1739651650943 0.91841 14
1739651652819 0.90721 15
1739651654673 0.91569 16
1739651656610 0.92698 17
1739651658551 0.92974 18
1739651660440 0.9187 19
1739651662341 0.92483 20
1739651664276 0.91749 21
1739651666249 0.91149 22
1739651668221 0.91435 23
1739651670078 0.9192 24
1739651671891 0.91652 25
1739651673728 0.91491 26
1739651675649 0.9181 27
1739651677538 0.92012 28
1739651679430 0.92213 29
1739651681329 0.9178 30
1739651683276 0.92451 31
1739651685177 0.92779 32
1739651687084 0.91874 33
1739651688991 0.92944 34
1739651690861 0.92348 35
1739651692718 0.92691 36
1739651694589 0.92198 37
1739651696523 0.91391 38
1739651698475 0.92706 39
1739651700393 0.93161 40
1739651702400 0.93164 41
1739651704316 0.92972 42
1739651706142 0.9242 43
1739651708087 0.93381 44
1739651709964 0.93074 45
1739651711850 0.9318 46
1739651713796 0.93018 47
1739651715755 0.93296 48
1739651717671 0.93506 49
1739651719617 0.94452 50
1739651721494 0.93456 51
1739651723351 0.9251 52
1739651725290 0.93534 53
1739651727178 0.93262 54
1739651729109 0.94264 55
1739651730961 0.93989 56
1739651732850 0.936 57
1739651734799 0.93406 58
1739651736712 0.94037 59
1739651738589 0.93451 60
1739651740493 0.93231 61
1739651742428 0.93075 62
1739651744339 0.94055 63
1739651746223 0.94267 64
1739651748161 0.93524 65
1739651750058 0.93129 66
1739651751962 0.93696 67
1739651753900 0.93534 68
1739651755745 0.93935 69
1739651757615 0.93896 70
1739651759465 0.94327 71
1739651761306 0.93947 72
1739651763173 0.93948 73
1739651765054 0.93734 74
1739651766962 0.9408 75
1739651768899 0.94822 76
1739651770856 0.94153 77
1739651772811 0.94263 78
1739651774694 0.93914 79
1739651776609 0.94133 80
1739651778515 0.94095 81
1739651780438 0.94378 82
1739651782305 0.9479 83
1739651784206 0.94107 84
1739651786116 0.94133 85
1739651788014 0.94033 86
1739651789930 0.94183 87
1739651791818 0.94226 88
1739651793708 0.94235 89
1739651797023 0.94208 90
1739651799015 0.94115 91
1739651800868 0.94089 92
1739651802794 0.94536 93
1739651804638 0.94105 94
1739651806498 0.94115 95
1739651808414 0.9421 96
1739651810306 0.94291 97
1739651812187 0.94312 98
1739651814086 0.94478 99
1739651818203 0.9479519813181791 99
