1739651623288 0.02274 0
1739651625348 0.07189 1
1739651627449 0.98809 2
1739651629460 0.99362 3
1739651631383 0.96536 4
1739651633433 0.95284 5
1739651635359 0.93104 6
1739651637298 0.97585 7
1739651639208 0.94076 8
1739651641198 0.98764 9
1739651643210 0.99529 10
1739651645146 0.99187 11
1739651647034 0.99638 12
1739651648992 0.9967 13
1739651650943 0.9971 14
1739651652819 0.99405 15
1739651654673 0.99669 16
1739651656610 0.98812 17
1739651658551 0.99727 18
1739651660440 0.99828 19
1739651662341 0.99511 20
1739651664276 0.99592 21
1739651666249 0.99711 22
1739651668221 0.9967 23
1739651670078 0.99788 24
1739651671891 0.99571 25
1739651673728 0.99463 26
1739651675649 0.9979 27
1739651677538 0.99777 28
1739651679430 0.99508 29
1739651681329 0.99728 30
1739651683276 0.9978 31
1739651685177 0.9975 32
1739651687084 0.99715 33
1739651688991 0.99814 34
1739651690861 0.99697 35
1739651692718 0.99737 36
1739651694589 0.99761 37
1739651696523 0.99769 38
1739651698475 0.99618 39
1739651700393 0.99811 40
1739651702400 0.99798 41
1739651704316 0.99817 42
1739651706142 0.99581 43
1739651708087 0.9981 44
1739651709964 0.99816 45
1739651711850 0.99744 46
1739651713796 0.99726 47
1739651715755 0.99756 48
1739651717671 0.99599 49
1739651719617 0.99794 50
1739651721494 0.99718 51
1739651723351 0.99849 52
1739651725290 0.99849 53
1739651727178 0.99793 54
1739651729109 0.99833 55
1739651730961 0.99785 56
1739651732850 0.99767 57
1739651734799 0.99694 58
1739651736712 0.99793 59
1739651738589 0.99763 60
1739651740493 0.99832 61
1739651742428 0.99818 62
1739651744339 0.99813 63
1739651746223 0.99857 64
1739651748161 0.99821 65
1739651750058 0.9979 66
1739651751962 0.99852 67
1739651753900 0.99779 68
1739651755745 0.99734 69
1739651757615 0.99842 70
1739651759465 0.99834 71
1739651761306 0.99819 72
1739651763173 0.99801 73
1739651765054 0.99833 74
1739651766962 0.99834 75
1739651768899 0.99795 76
1739651770856 0.99786 77
1739651772811 0.99819 78
1739651774694 0.99804 79
1739651776609 0.99774 80
1739651778515 0.99754 81
1739651780438 0.99795 82
1739651782305 0.99836 83
1739651784206 0.99808 84
1739651786116 0.99819 85
1739651788014 0.99812 86
1739651789930 0.99827 87
1739651791818 0.99828 88
1739651793708 0.99767 89
1739651797023 0.99786 90
1739651799015 0.99853 91
1739651800868 0.99835 92
1739651802794 0.99807 93
1739651804638 0.99793 94
1739651806498 0.99823 95
1739651808414 0.99827 96
1739651810306 0.99822 97
1739651812187 0.99812 98
1739651814086 0.9981 99
1739651818203 0.9979456684358012 99
