1739651623288 0.875 0
1739651625348 1.0 1
1739651627449 0.48517 2
1739651629460 0.44566 3
1739651631383 0.69862 4
1739651633433 0.96435 5
1739651635359 0.93171 6
1739651637298 1.0 7
1739651639208 0.91537 8
1739651641198 1.0 9
1739651643210 1.0 10
1739651645146 0.99945 11
1739651647034 1.0 12
1739651648992 1.0 13
1739651650943 1.0 14
1739651652819 1.0 15
1739651654673 1.0 16
1739651656610 1.0 17
1739651658551 1.0 18
1739651660440 1.0 19
1739651662341 1.0 20
1739651664276 1.0 21
1739651666249 1.0 22
1739651668221 1.0 23
1739651670078 1.0 24
1739651671891 1.0 25
1739651673728 1.0 26
1739651675649 1.0 27
1739651677538 1.0 28
1739651679430 1.0 29
1739651681329 1.0 30
1739651683276 1.0 31
1739651685177 1.0 32
1739651687084 1.0 33
1739651688991 1.0 34
1739651690861 1.0 35
1739651692718 1.0 36
1739651694589 1.0 37
1739651696523 1.0 38
1739651698475 1.0 39
1739651700393 1.0 40
1739651702400 1.0 41
1739651704316 1.0 42
1739651706142 1.0 43
1739651708087 1.0 44
1739651709964 1.0 45
1739651711850 1.0 46
1739651713796 1.0 47
1739651715755 1.0 48
1739651717671 1.0 49
1739651719617 1.0 50
1739651721494 1.0 51
1739651723351 1.0 52
1739651725290 1.0 53
1739651727178 1.0 54
1739651729109 1.0 55
1739651730961 1.0 56
1739651732850 1.0 57
1739651734799 1.0 58
1739651736712 1.0 59
1739651738589 1.0 60
1739651740493 1.0 61
1739651742428 1.0 62
1739651744339 1.0 63
1739651746223 1.0 64
1739651748161 1.0 65
1739651750058 1.0 66
1739651751962 1.0 67
1739651753900 1.0 68
1739651755745 1.0 69
1739651757615 1.0 70
1739651759465 1.0 71
1739651761306 1.0 72
1739651763173 1.0 73
1739651765054 1.0 74
1739651766962 1.0 75
1739651768899 1.0 76
1739651770856 1.0 77
1739651772811 1.0 78
1739651774694 1.0 79
1739651776609 1.0 80
1739651778515 1.0 81
1739651780438 1.0 82
1739651782305 1.0 83
1739651784206 1.0 84
1739651786116 1.0 85
1739651788014 1.0 86
1739651789930 1.0 87
1739651791818 1.0 88
1739651793708 1.0 89
1739651797023 1.0 90
1739651799015 1.0 91
1739651800868 1.0 92
1739651802794 1.0 93
1739651804638 1.0 94
1739651806498 1.0 95
1739651808414 1.0 96
1739651810306 1.0 97
1739651812187 1.0 98
1739651814086 1.0 99
1739651818203 1.0 99
