1739413633647 0.98833 0
1739413635885 0.992 1
1739413638012 0.983 2
1739413639991 0.97195 3
1739413641917 0.95151 4
1739413643876 0.95473 5
1739413645779 0.99372 6
1739413647808 0.98218 7
1739413650142 0.99449 8
1739413652074 0.944 9
1739413654029 0.9931 10
1739413655991 0.99449 11
1739413657935 0.99275 12
1739413659813 0.99449 13
1739413661714 0.995 14
1739413664132 0.99244 15
1739413666182 0.995 16
1739413668161 0.995 17
1739413670044 0.98441 18
1739413672043 0.99372 19
1739413674182 0.995 20
1739413676023 0.995 21
1739413677947 0.99321 22
1739413679824 0.995 23
1739413681687 0.994 24
1739413684187 0.995 25
1739413686134 0.995 26
1739413688070 0.995 27
1739413690000 0.995 28
1739413691869 0.995 29
1739413693997 0.995 30
1739413695964 0.995 31
1739413697854 0.995 32
1739413699717 0.995 33
1739413701657 0.995 34
1739413703763 0.995 35
1739413705659 0.995 36
1739413707526 0.995 37
1739413709357 0.995 38
1739413711182 0.995 39
1739413713028 0.995 40
1739413714909 0.995 41
1739413716802 0.995 42
1739413718740 0.995 43
1739413720653 0.995 44
1739413722500 0.995 45
1739413724326 0.995 46
1739413726260 0.995 47
1739413728166 0.995 48
1739413730047 0.995 49
1739413731931 0.995 50
1739413733839 0.995 51
1739413735762 0.995 52
1739413738400 0.995 53
1739413740248 0.995 54
1739413742087 0.995 55
1739413744000 0.995 56
1739413746152 0.995 57
1739413748029 0.995 58
1739413750010 0.995 59
1739413751839 0.995 60
1739413753704 0.995 61
1739413755836 0.995 62
1739413757824 0.995 63
1739413759713 0.995 64
1739413761639 0.995 65
1739413763565 0.995 66
1739413765455 0.995 67
1739413767452 0.995 68
1739413769396 0.995 69
1739413771308 0.995 70
1739413773185 0.995 71
1739413775069 0.995 72
1739413777562 0.995 73
1739413779556 0.995 74
1739413781455 0.995 75
1739413783368 0.995 76
1739413785299 0.995 77
1739413787204 0.995 78
1739413789200 0.995 79
1739413791106 0.995 80
1739413792930 0.995 81
1739413794789 0.995 82
1739413797630 0.995 83
1739413799552 0.995 84
1739413801397 0.995 85
1739413803274 0.995 86
1739413805178 0.995 87
1739413807077 0.995 88
1739413809044 0.995 89
1739413812170 0.995 90
1739413814106 0.995 91
1739413815952 0.995 92
1739413817768 0.995 93
1739413819623 0.995 94
1739413821504 0.995 95
1739413823341 0.995 96
1739413825188 0.995 97
1739413826983 0.995 98
1739413828815 0.995 99
1739413832209 0.995 99
