1739413633647 1.0 0
1739413635885 1.0 1
1739413638012 0.91261 2
1739413639991 0.9155 3
1739413641917 0.90065 4
1739413643876 0.80347 5
1739413645779 0.9732 6
1739413647808 0.92139 7
1739413650142 0.99201 8
1739413652074 0.89065 9
1739413654029 0.98879 10
1739413655991 0.97357 11
1739413657935 1.0 12
1739413659813 0.99266 13
1739413661714 0.9908 14
1739413664132 0.97433 15
1739413666182 0.9927 16
1739413668161 1.0 17
1739413670044 0.93849 18
1739413672043 0.97085 19
1739413674182 0.9973 20
1739413676023 0.99558 21
1739413677947 0.97068 22
1739413679824 0.99904 23
1739413681687 0.97841 24
1739413684187 0.99806 25
1739413686134 0.99656 26
1739413688070 0.99579 27
1739413690000 0.99717 28
1739413691869 0.99812 29
1739413693997 0.99826 30
1739413695964 0.99801 31
1739413697854 0.99805 32
1739413699717 0.99802 33
1739413701657 0.99757 34
1739413703763 0.99768 35
1739413705659 0.99825 36
1739413707526 0.99825 37
1739413709357 0.99798 38
1739413711182 0.99815 39
1739413713028 0.99702 40
1739413714909 0.99487 41
1739413716802 0.99503 42
1739413718740 0.99442 43
1739413720653 0.99652 44
1739413722500 0.9971 45
1739413724326 0.99792 46
1739413726260 0.99676 47
1739413728166 0.99685 48
1739413730047 0.99743 49
1739413731931 0.99756 50
1739413733839 0.99802 51
1739413735762 0.99839 52
1739413738400 0.99851 53
1739413740248 0.99856 54
1739413742087 0.99821 55
1739413744000 0.99792 56
1739413746152 0.99811 57
1739413748029 0.9981 58
1739413750010 0.99632 59
1739413751839 0.997 60
1739413753704 0.99634 61
1739413755836 0.99418 62
1739413757824 0.99019 63
1739413759713 0.99131 64
1739413761639 0.99561 65
1739413763565 0.99699 66
1739413765455 0.99748 67
1739413767452 0.99792 68
1739413769396 0.99818 69
1739413771308 0.9984 70
1739413773185 0.9984 71
1739413775069 0.99816 72
1739413777562 0.99794 73
1739413779556 0.99663 74
1739413781455 0.99757 75
1739413783368 0.99814 76
1739413785299 0.99828 77
1739413787204 0.99805 78
1739413789200 0.99763 79
1739413791106 0.99774 80
1739413792930 0.99759 81
1739413794789 0.9972 82
1739413797630 0.99649 83
1739413799552 0.99512 84
1739413801397 0.99409 85
1739413803274 0.99365 86
1739413805178 0.99284 87
1739413807077 0.99232 88
1739413809044 0.99246 89
1739413812170 0.98913 90
1739413814106 0.99118 91
1739413815952 0.98996 92
1739413817768 0.98863 93
1739413819623 0.99134 94
1739413821504 0.99386 95
1739413823341 0.99399 96
1739413825188 0.99519 97
1739413826983 0.99625 98
1739413828815 0.99734 99
1739413832209 0.9924644044140899 99
