1739413632186 2.34989 0
1739413635368 1.14352 1
1739413637441 1.0078 2
1739413639510 0.92269 3
1739413641421 0.91809 4
1739413643388 0.84743 5
1739413645288 0.81239 6
1739413647285 0.83624 7
1739413649658 0.72085 8
1739413651609 0.73627 9
1739413653511 0.68648 10
1739413655504 0.64912 11
1739413657399 0.64656 12
1739413659353 0.6039 13
1739413661255 0.58246 14
1739413663666 0.5678 15
1739413665721 0.55587 16
1739413667694 0.53574 17
1739413669586 0.5327 18
1739413671502 0.49601 19
1739413673707 0.47146 20
1739413675559 0.46901 21
1739413677459 0.45036 22
1739413679349 0.46881 23
1739413681229 0.4737 24
1739413683717 0.44884 25
1739413685605 0.4897 26
1739413687589 0.45844 27
1739413689532 0.4191 28
1739413691401 0.41605 29
1739413693531 0.42747 30
1739413695457 0.42049 31
1739413697421 0.41249 32
1739413699265 0.41405 33
1739413701207 0.40787 34
1739413703132 0.41738 35
1739413705226 0.4047 36
1739413707082 0.41039 37
1739413708915 0.40374 38
1739413710756 0.38629 39
1739413712593 0.38101 40
1739413714449 0.37244 41
1739413716331 0.34904 42
1739413718266 0.36697 43
1739413720135 0.36251 44
1739413722047 0.34977 45
1739413723871 0.37913 46
1739413725803 0.38542 47
1739413727720 0.3557 48
1739413729575 0.34156 49
1739413731483 0.33219 50
1739413733391 0.33694 51
1739413735310 0.33765 52
1739413737946 0.3334 53
1739413739785 0.31738 54
1739413741643 0.3189 55
1739413743507 0.3253 56
1739413745685 0.32982 57
1739413747574 0.31323 58
1739413749553 0.31067 59
1739413751407 0.33021 60
1739413753252 0.30474 61
1739413755380 0.31036 62
1739413757346 0.30038 63
1739413759253 0.30772 64
1739413761138 0.3085 65
1739413763109 0.29121 66
1739413764992 0.28265 67
1739413766952 0.30021 68
1739413768889 0.30866 69
1739413770852 0.29985 70
1739413772741 0.27474 71
1739413774625 0.28269 72
1739413777117 0.28104 73
1739413779048 0.28745 74
1739413780995 0.2918 75
1739413782911 0.28069 76
1739413784859 0.2626 77
1739413786731 0.26163 78
1739413788676 0.26718 79
1739413790641 0.25569 80
1739413792456 0.26755 81
1739413794313 0.2743 82
1739413796994 0.26973 83
1739413799075 0.25019 84
1739413800947 0.25891 85
1739413802814 0.25014 86
1739413804678 0.24871 87
1739413806566 0.25088 88
1739413808538 0.25104 89
1739413811674 0.21789 90
1739413813667 0.20395 91
1739413815516 0.20391 92
1739413817316 0.19697 93
1739413819167 0.20481 94
1739413821051 0.19547 95
1739413822901 0.1967 96
1739413824733 0.19926 97
1739413826545 0.18748 98
1739413828382 0.19283 99
