1739495443660 0.41208 0
1739495445810 0.83972 1
1739495447879 0.87515 2
1739495449904 0.995 3
1739495451858 0.995 4
1739495453847 0.995 5
1739495455725 0.995 6
1739495457627 0.995 7
1739495459504 0.995 8
1739495461534 0.995 9
1739495463557 0.995 10
1739495465567 0.995 11
1739495467471 0.995 12
1739495469380 0.995 13
1739495471341 0.995 14
1739495473188 0.995 15
1739495475071 0.995 16
1739495477048 0.995 17
1739495479034 0.995 18
1739495481009 0.995 19
1739495482903 0.995 20
1739495484802 0.995 21
1739495486762 0.995 22
1739495488625 0.995 23
1739495490478 0.995 24
1739495492373 0.995 25
1739495494283 0.995 26
1739495496168 0.995 27
1739495498031 0.995 28
1739495499846 0.995 29
1739495501757 0.995 30
1739495503711 0.995 31
1739495505705 0.995 32
1739495507712 0.995 33
1739495509645 0.995 34
1739495511573 0.995 35
1739495513421 0.995 36
1739495515357 0.995 37
1739495517277 0.995 38
1739495519227 0.995 39
1739495521182 0.995 40
1739495523097 0.995 41
1739495525037 0.995 42
1739495526861 0.995 43
1739495528834 0.995 44
1739495530680 0.995 45
1739495532506 0.995 46
1739495534423 0.995 47
1739495536365 0.995 48
1739495538285 0.995 49
1739495540241 0.995 50
1739495542176 0.995 51
1739495544041 0.995 52
1739495545938 0.995 53
1739495547776 0.995 54
1739495549692 0.995 55
1739495551549 0.995 56
1739495553425 0.995 57
1739495555343 0.995 58
1739495557282 0.995 59
1739495559229 0.995 60
1739495561156 0.995 61
1739495563093 0.995 62
1739495565061 0.995 63
1739495566951 0.995 64
1739495568870 0.995 65
1739495570761 0.995 66
1739495572610 0.995 67
1739495574452 0.995 68
1739495576319 0.995 69
1739495578263 0.995 70
1739495580190 0.995 71
1739495582061 0.995 72
1739495583982 0.995 73
1739495585854 0.995 74
1739495587719 0.995 75
1739495589687 0.995 76
1739495591575 0.995 77
1739495593477 0.995 78
1739495595406 0.995 79
1739495597245 0.995 80
1739495599113 0.995 81
1739495601004 0.995 82
1739495602892 0.995 83
1739495604781 0.995 84
1739495606676 0.995 85
1739495608546 0.995 86
1739495610416 0.995 87
1739495612283 0.995 88
1739495614163 0.995 89
1739495617387 0.995 90
1739495619303 0.995 91
1739495621164 0.995 92
1739495623065 0.995 93
1739495624951 0.995 94
1739495626832 0.995 95
1739495628734 0.995 96
1739495630627 0.995 97
1739495632519 0.995 98
1739495634412 0.995 99
1739495638522 0.995 99
