1739495443660 0.875 0
1739495445810 1.0 1
1739495447879 0.48517 2
1739495449904 0.44566 3
1739495451858 0.69862 4
1739495453847 0.96435 5
1739495455725 0.93171 6
1739495457627 1.0 7
1739495459504 0.91537 8
1739495461534 1.0 9
1739495463557 1.0 10
1739495465567 0.99945 11
1739495467471 1.0 12
1739495469380 1.0 13
1739495471341 1.0 14
1739495473188 1.0 15
1739495475071 1.0 16
1739495477048 1.0 17
1739495479034 1.0 18
1739495481009 1.0 19
1739495482903 1.0 20
1739495484802 1.0 21
1739495486762 1.0 22
1739495488625 1.0 23
1739495490478 1.0 24
1739495492373 1.0 25
1739495494283 1.0 26
1739495496168 1.0 27
1739495498031 1.0 28
1739495499846 1.0 29
1739495501757 1.0 30
1739495503711 1.0 31
1739495505705 1.0 32
1739495507712 1.0 33
1739495509645 1.0 34
1739495511573 1.0 35
1739495513421 1.0 36
1739495515357 1.0 37
1739495517277 1.0 38
1739495519227 1.0 39
1739495521182 1.0 40
1739495523097 1.0 41
1739495525037 1.0 42
1739495526861 1.0 43
1739495528834 1.0 44
1739495530680 1.0 45
1739495532506 1.0 46
1739495534423 1.0 47
1739495536365 1.0 48
1739495538285 1.0 49
1739495540241 1.0 50
1739495542176 1.0 51
1739495544041 1.0 52
1739495545938 1.0 53
1739495547776 1.0 54
1739495549692 1.0 55
1739495551549 1.0 56
1739495553425 1.0 57
1739495555343 1.0 58
1739495557282 1.0 59
1739495559229 1.0 60
1739495561156 1.0 61
1739495563093 1.0 62
1739495565061 1.0 63
1739495566951 1.0 64
1739495568870 1.0 65
1739495570761 1.0 66
1739495572610 1.0 67
1739495574452 1.0 68
1739495576319 1.0 69
1739495578263 1.0 70
1739495580190 1.0 71
1739495582061 1.0 72
1739495583982 1.0 73
1739495585854 1.0 74
1739495587719 1.0 75
1739495589687 1.0 76
1739495591575 1.0 77
1739495593477 1.0 78
1739495595406 1.0 79
1739495597245 1.0 80
1739495599113 1.0 81
1739495601004 1.0 82
1739495602892 1.0 83
1739495604781 1.0 84
1739495606676 1.0 85
1739495608546 1.0 86
1739495610416 1.0 87
1739495612283 1.0 88
1739495614163 1.0 89
1739495617387 1.0 90
1739495619303 1.0 91
1739495621164 1.0 92
1739495623065 1.0 93
1739495624951 1.0 94
1739495626832 1.0 95
1739495628734 1.0 96
1739495630627 1.0 97
1739495632519 1.0 98
1739495634412 1.0 99
1739495638522 1.0 99
