1739495443057 3.06779 0
1739495445273 1.3559 1
1739495447300 0.87407 2
1739495449381 0.69505 3
1739495451318 0.65199 4
1739495453311 0.63419 5
1739495455254 0.61038 6
1739495457105 0.59171 7
1739495459012 0.57547 8
1739495460964 0.57364 9
1739495463017 0.52662 10
1739495465025 0.5184 11
1739495466978 0.51174 12
1739495468916 0.49927 13
1739495470805 0.48438 14
1739495472701 0.49391 15
1739495474604 0.47673 16
1739495476506 0.48907 17
1739495478497 0.44173 18
1739495480508 0.42211 19
1739495482415 0.41745 20
1739495484330 0.43204 21
1739495486246 0.42059 22
1739495488157 0.40824 23
1739495489984 0.4105 24
1739495491879 0.39509 25
1739495493800 0.40412 26
1739495495697 0.39227 27
1739495497573 0.37101 28
1739495499399 0.36682 29
1739495501266 0.36843 30
1739495503247 0.37481 31
1739495505244 0.35785 32
1739495507229 0.36464 33
1739495509173 0.35287 34
1739495511109 0.35939 35
1739495512964 0.36451 36
1739495514915 0.3507 37
1739495516811 0.34101 38
1739495518744 0.34591 39
1739495520647 0.33294 40
1739495522574 0.33664 41
1739495524573 0.32999 42
1739495526408 0.3398 43
1739495528313 0.32581 44
1739495530238 0.31451 45
1739495532042 0.32786 46
1739495533950 0.31447 47
1739495535890 0.31187 48
1739495537786 0.31515 49
1739495539735 0.30711 50
1739495541753 0.30922 51
1739495543595 0.30324 52
1739495545510 0.29461 53
1739495547323 0.2901 54
1739495549247 0.28894 55
1739495551090 0.29517 56
1739495552959 0.29649 57
1739495554854 0.28694 58
1739495556809 0.27895 59
1739495558759 0.2794 60
1739495560697 0.27964 61
1739495562631 0.2777 62
1739495564607 0.26912 63
1739495566504 0.27011 64
1739495568389 0.27308 65
1739495570318 0.27152 66
1739495572170 0.27187 67
1739495573985 0.27049 68
1739495575851 0.28081 69
1739495577782 0.26918 70
1739495579720 0.25484 71
1739495581611 0.26112 72
1739495583504 0.2622 73
1739495585399 0.25962 74
1739495587258 0.253 75
1739495589166 0.25356 76
1739495591120 0.2666 77
1739495592990 0.24876 78
1739495594933 0.24423 79
1739495596798 0.25116 80
1739495598655 0.2422 81
1739495600539 0.24033 82
1739495602426 0.24225 83
1739495604304 0.2369 84
1739495606191 0.24815 85
1739495608078 0.23576 86
1739495609952 0.24492 87
1739495611804 0.24013 88
1739495613697 0.23684 89
1739495616887 0.20988 90
1739495618843 0.2043 91
1739495620688 0.20912 92
1739495622597 0.20006 93
1739495624478 0.20442 94
1739495626367 0.19804 95
1739495628256 0.20028 96
1739495630166 0.19959 97
1739495632043 0.19609 98
1739495633975 0.19353 99
