1739651373997 0.73097 0
1739651376204 0.59491 1
1739651378155 0.58048 2
1739651380063 0.61381 3
1739651382017 0.66426 4
1739651384011 0.67572 5
1739651385920 0.6712 6
1739651387858 0.69006 7
1739651389776 0.59769 8
1739651391663 0.6478 9
1739651393523 0.63881 10
1739651395448 0.63811 11
1739651397348 0.63309 12
1739651399235 0.62006 13
1739651401053 0.61489 14
1739651402947 0.62474 15
1739651404842 0.61782 16
1739651406734 0.59394 17
1739651408620 0.60417 18
1739651410482 0.59184 19
1739651412376 0.55771 20
1739651414337 0.56874 21
1739651416242 0.53988 22
1739651418113 0.5872 23
1739651419969 0.57786 24
1739651421866 0.54572 25
1739651423688 0.58382 26
1739651425642 0.57473 27
1739651427543 0.51505 28
1739651429425 0.52942 29
1739651431235 0.52972 30
1739651433103 0.54371 31
1739651435044 0.53565 32
1739651436913 0.51422 33
1739651438797 0.53748 34
1739651440671 0.52704 35
1739651442536 0.53216 36
1739651444366 0.54113 37
1739651446419 0.53743 38
1739651448367 0.5314 39
1739651450270 0.52058 40
1739651452075 0.48834 41
1739651453953 0.49568 42
1739651455845 0.52485 43
1739651457652 0.51019 44
1739651459527 0.47633 45
1739651461360 0.53687 46
1739651463268 0.52375 47
1739651465180 0.48995 48
1739651467017 0.48641 49
1739651468909 0.48428 50
1739651470772 0.473 51
1739651472684 0.48966 52
1739651474624 0.46974 53
1739651476513 0.4228 54
1739651478449 0.44238 55
1739651480333 0.4579 56
1739651482168 0.45901 57
1739651483998 0.4298 58
1739651485848 0.46278 59
1739651487675 0.44713 60
1739651489465 0.42455 61
1739651491258 0.44747 62
1739651493088 0.44121 63
1739651494924 0.42768 64
1739651496821 0.45369 65
1739651498731 0.42535 66
1739651500636 0.42229 67
1739651502543 0.43147 68
1739651504550 0.42526 69
1739651506383 0.45847 70
1739651508177 0.38745 71
1739651510035 0.42139 72
1739651511847 0.40676 73
1739651513725 0.40824 74
1739651515641 0.40868 75
1739651517424 0.40966 76
1739651519307 0.39227 77
1739651521158 0.39112 78
1739651523048 0.40334 79
1739651524942 0.38124 80
1739651526810 0.39551 81
1739651528650 0.40648 82
1739651530608 0.39978 83
1739651532455 0.39053 84
1739651534366 0.37774 85
1739651536172 0.38262 86
1739651538049 0.37106 87
1739651539937 0.37364 88
1739651541837 0.37858 89
1739651544968 0.31568 90
1739651546987 0.3054 91
1739651548815 0.29781 92
1739651550643 0.28809 93
1739651552471 0.30488 94
1739651554305 0.28752 95
1739651556150 0.2888 96
1739651558252 0.29144 97
1739651560122 0.27726 98
1739651561935 0.29175 99
