1739651373997 2.34989 0
1739651376204 1.14352 1
1739651378155 1.0078 2
1739651380063 0.92269 3
1739651382017 0.91809 4
1739651384011 0.84743 5
1739651385920 0.81239 6
1739651387858 0.83624 7
1739651389776 0.72085 8
1739651391663 0.73627 9
1739651393523 0.68648 10
1739651395448 0.64912 11
1739651397348 0.64656 12
1739651399235 0.6039 13
1739651401053 0.58246 14
1739651402947 0.5678 15
1739651404842 0.55587 16
1739651406734 0.53574 17
1739651408620 0.5327 18
1739651410482 0.49601 19
1739651412376 0.47146 20
1739651414337 0.46901 21
1739651416242 0.45036 22
1739651418113 0.46881 23
1739651419969 0.4737 24
1739651421866 0.44884 25
1739651423688 0.4897 26
1739651425642 0.45844 27
1739651427543 0.4191 28
1739651429425 0.41605 29
1739651431235 0.42747 30
1739651433103 0.42049 31
1739651435044 0.41249 32
1739651436913 0.41405 33
1739651438797 0.40787 34
1739651440671 0.41738 35
1739651442536 0.4047 36
1739651444366 0.41039 37
1739651446419 0.40374 38
1739651448367 0.38629 39
1739651450270 0.38101 40
1739651452075 0.37244 41
1739651453953 0.34904 42
1739651455845 0.36697 43
1739651457652 0.36251 44
1739651459527 0.34977 45
1739651461360 0.37913 46
1739651463268 0.38542 47
1739651465180 0.3557 48
1739651467017 0.34156 49
1739651468909 0.33219 50
1739651470772 0.33694 51
1739651472684 0.33765 52
1739651474624 0.3334 53
1739651476513 0.31738 54
1739651478449 0.3189 55
1739651480333 0.3253 56
1739651482168 0.32982 57
1739651483998 0.31323 58
1739651485848 0.31067 59
1739651487675 0.33021 60
1739651489465 0.30474 61
1739651491258 0.31036 62
1739651493088 0.30038 63
1739651494924 0.30772 64
1739651496821 0.3085 65
1739651498731 0.29121 66
1739651500636 0.28265 67
1739651502543 0.30021 68
1739651504550 0.30866 69
1739651506383 0.29985 70
1739651508177 0.27474 71
1739651510035 0.28269 72
1739651511847 0.28104 73
1739651513725 0.28745 74
1739651515641 0.2918 75
1739651517424 0.28069 76
1739651519307 0.2626 77
1739651521158 0.26163 78
1739651523048 0.26718 79
1739651524942 0.25569 80
1739651526810 0.26755 81
1739651528650 0.2743 82
1739651530608 0.26973 83
1739651532455 0.25019 84
1739651534366 0.25891 85
1739651536172 0.25014 86
1739651538049 0.24871 87
1739651539937 0.25088 88
1739651541837 0.25104 89
1739651544968 0.21789 90
1739651546987 0.20395 91
1739651548815 0.20391 92
1739651550643 0.19697 93
1739651552471 0.20481 94
1739651554305 0.19547 95
1739651556150 0.1967 96
1739651558252 0.19926 97
1739651560122 0.18748 98
1739651561935 0.19283 99
