1739651373997 1.21162 0
1739651376204 1.0674 1
1739651378155 1.04188 2
1739651380063 1.05912 3
1739651382017 1.06929 4
1739651384011 1.08478 5
1739651385920 1.0686 6
1739651387858 1.08 7
1739651389776 1.03177 8
1739651391663 1.06458 9
1739651393523 1.0542 10
1739651395448 1.07179 11
1739651397348 1.05478 12
1739651399235 1.03539 13
1739651401053 1.04249 14
1739651402947 1.02911 15
1739651404842 1.04524 16
1739651406734 1.04061 17
1739651408620 1.03267 18
1739651410482 1.03088 19
1739651412376 0.99383 20
1739651414337 1.03949 21
1739651416242 0.97597 22
1739651418113 1.04327 23
1739651419969 1.02675 24
1739651421866 0.99596 25
1739651423688 1.04057 26
1739651425642 1.02429 27
1739651427543 0.97076 28
1739651429425 0.9958 29
1739651431235 1.00446 30
1739651433103 0.99954 31
1739651435044 1.00792 32
1739651436913 0.98328 33
1739651438797 0.98177 34
1739651440671 0.99603 35
1739651442536 1.01373 36
1739651444366 1.00672 37
1739651446419 1.01131 38
1739651448367 1.00355 39
1739651450270 0.98034 40
1739651452075 0.97112 41
1739651453953 0.97362 42
1739651455845 0.98759 43
1739651457652 0.99052 44
1739651459527 0.98761 45
1739651461360 0.99829 46
1739651463268 1.02296 47
1739651465180 0.97552 48
1739651467017 0.98684 49
1739651468909 0.98672 50
1739651470772 0.98287 51
1739651472684 0.96756 52
1739651474624 0.95402 53
1739651476513 0.94471 54
1739651478449 0.96192 55
1739651480333 0.95377 56
1739651482168 0.96582 57
1739651483998 0.94622 58
1739651485848 0.95652 59
1739651487675 0.95454 60
1739651489465 0.94889 61
1739651491258 0.96308 62
1739651493088 0.95828 63
1739651494924 0.95419 64
1739651496821 0.96415 65
1739651498731 0.94773 66
1739651500636 0.94527 67
1739651502543 0.96691 68
1739651504550 0.95381 69
1739651506383 0.95705 70
1739651508177 0.92989 71
1739651510035 0.94694 72
1739651511847 0.93809 73
1739651513725 0.93795 74
1739651515641 0.94309 75
1739651517424 0.94249 76
1739651519307 0.94657 77
1739651521158 0.94047 78
1739651523048 0.92567 79
1739651524942 0.9288 80
1739651526810 0.94524 81
1739651528650 0.93987 82
1739651530608 0.94561 83
1739651532455 0.92547 84
1739651534366 0.9211 85
1739651536172 0.92778 86
1739651538049 0.91915 87
1739651539937 0.92394 88
1739651541837 0.92398 89
1739651544968 0.88602 90
1739651546987 0.87075 91
1739651548815 0.87822 92
1739651550643 0.86623 93
1739651552471 0.88642 94
1739651554305 0.85364 95
1739651556150 0.87258 96
1739651558252 0.86126 97
1739651560122 0.8587 98
1739651561935 0.88518 99
