1739651374618 0.98833 0
1739651376679 0.992 1
1739651378634 0.983 2
1739651380561 0.97195 3
1739651382501 0.95151 4
1739651384492 0.95473 5
1739651386415 0.99372 6
1739651388348 0.98218 7
1739651390244 0.99449 8
1739651392128 0.944 9
1739651394051 0.9931 10
1739651395932 0.99449 11
1739651397870 0.99275 12
1739651399690 0.99449 13
1739651401518 0.995 14
1739651403408 0.99244 15
1739651405321 0.995 16
1739651407204 0.995 17
1739651409082 0.98441 18
1739651411002 0.99372 19
1739651412844 0.995 20
1739651414793 0.995 21
1739651416700 0.99321 22
1739651418560 0.995 23
1739651420414 0.994 24
1739651422321 0.995 25
1739651424209 0.995 26
1739651426123 0.995 27
1739651428029 0.995 28
1739651429868 0.995 29
1739651431683 0.995 30
1739651433612 0.995 31
1739651435489 0.995 32
1739651437429 0.995 33
1739651439237 0.995 34
1739651441151 0.995 35
1739651442981 0.995 36
1739651444854 0.995 37
1739651446875 0.995 38
1739651448844 0.995 39
1739651450688 0.995 40
1739651452531 0.995 41
1739651454399 0.995 42
1739651456298 0.995 43
1739651458181 0.995 44
1739651459973 0.995 45
1739651461833 0.995 46
1739651463714 0.995 47
1739651465605 0.995 48
1739651467461 0.995 49
1739651469388 0.995 50
1739651471238 0.995 51
1739651473163 0.995 52
1739651475085 0.995 53
1739651476981 0.995 54
1739651478875 0.995 55
1739651480778 0.995 56
1739651482607 0.995 57
1739651484418 0.995 58
1739651486275 0.995 59
1739651488112 0.995 60
1739651489900 0.995 61
1739651491697 0.995 62
1739651493528 0.995 63
1739651495359 0.995 64
1739651497336 0.995 65
1739651499168 0.995 66
1739651501067 0.995 67
1739651503046 0.995 68
1739651504980 0.995 69
1739651506816 0.995 70
1739651508623 0.995 71
1739651510452 0.995 72
1739651512280 0.995 73
1739651514177 0.995 74
1739651516053 0.995 75
1739651517858 0.995 76
1739651519716 0.995 77
1739651521578 0.995 78
1739651523543 0.995 79
1739651525396 0.995 80
1739651527289 0.995 81
1739651529138 0.995 82
1739651531036 0.995 83
1739651532920 0.995 84
1739651534811 0.995 85
1739651536608 0.995 86
1739651538542 0.995 87
1739651540429 0.995 88
1739651542361 0.995 89
1739651545439 0.995 90
1739651547423 0.995 91
1739651549265 0.995 92
1739651551063 0.995 93
1739651552925 0.995 94
1739651554743 0.995 95
1739651556618 0.995 96
1739651558698 0.995 97
1739651560555 0.995 98
1739651562368 0.995 99
1739651565778 0.995 99
