1739651374618 0.87563 0
1739651376679 0.85466 1
1739651378634 0.78554 2
1739651380561 0.85982 3
1739651382501 0.76782 4
1739651384492 0.75049 5
1739651386415 0.81369 6
1739651388348 0.82685 7
1739651390244 0.76839 8
1739651392128 0.60041 9
1739651394051 0.88339 10
1739651395932 0.88277 11
1739651397870 0.88996 12
1739651399690 0.87754 13
1739651401518 0.88253 14
1739651403408 0.88853 15
1739651405321 0.88716 16
1739651407204 0.88578 17
1739651409082 0.82617 18
1739651411002 0.90661 19
1739651412844 0.88284 20
1739651414793 0.88505 21
1739651416700 0.8959 22
1739651418560 0.89324 23
1739651420414 0.88857 24
1739651422321 0.90405 25
1739651424209 0.92442 26
1739651426123 0.89077 27
1739651428029 0.89869 28
1739651429868 0.90561 29
1739651431683 0.91223 30
1739651433612 0.92447 31
1739651435489 0.90553 32
1739651437429 0.93134 33
1739651439237 0.92856 34
1739651441151 0.93785 35
1739651442981 0.92983 36
1739651444854 0.91888 37
1739651446875 0.93126 38
1739651448844 0.91846 39
1739651450688 0.92845 40
1739651452531 0.93425 41
1739651454399 0.92311 42
1739651456298 0.92841 43
1739651458181 0.9465 44
1739651459973 0.92408 45
1739651461833 0.92585 46
1739651463714 0.90235 47
1739651465605 0.93672 48
1739651467461 0.93405 49
1739651469388 0.92698 50
1739651471238 0.93023 51
1739651473163 0.90865 52
1739651475085 0.92353 53
1739651476981 0.93419 54
1739651478875 0.93558 55
1739651480778 0.94835 56
1739651482607 0.93511 57
1739651484418 0.93856 58
1739651486275 0.94197 59
1739651488112 0.94057 60
1739651489900 0.93313 61
1739651491697 0.93436 62
1739651493528 0.93854 63
1739651495359 0.9467 64
1739651497336 0.95216 65
1739651499168 0.94492 66
1739651501067 0.94421 67
1739651503046 0.95483 68
1739651504980 0.95552 69
1739651506816 0.92355 70
1739651508623 0.95324 71
1739651510452 0.95112 72
1739651512280 0.94877 73
1739651514177 0.95834 74
1739651516053 0.94421 75
1739651517858 0.9493 76
1739651519716 0.94131 77
1739651521578 0.95028 78
1739651523543 0.96048 79
1739651525396 0.95867 80
1739651527289 0.95685 81
1739651529138 0.95536 82
1739651531036 0.95717 83
1739651532920 0.94804 84
1739651534811 0.95445 85
1739651536608 0.94477 86
1739651538542 0.96418 87
1739651540429 0.96912 88
1739651542361 0.97 89
1739651545439 0.96286 90
1739651547423 0.94375 91
1739651549265 0.96526 92
1739651551063 0.95714 93
1739651552925 0.96039 94
1739651554743 0.96215 95
1739651556618 0.96075 96
1739651558698 0.95919 97
1739651560555 0.96427 98
1739651562368 0.96063 99
1739651565778 0.9700003509176165 99
