1739651374618 1.0 0
1739651376679 1.0 1
1739651378634 0.91261 2
1739651380561 0.9155 3
1739651382501 0.90065 4
1739651384492 0.80347 5
1739651386415 0.9732 6
1739651388348 0.92139 7
1739651390244 0.99201 8
1739651392128 0.89065 9
1739651394051 0.98879 10
1739651395932 0.97357 11
1739651397870 1.0 12
1739651399690 0.99266 13
1739651401518 0.9908 14
1739651403408 0.97433 15
1739651405321 0.9927 16
1739651407204 1.0 17
1739651409082 0.93849 18
1739651411002 0.97085 19
1739651412844 0.9973 20
1739651414793 0.99558 21
1739651416700 0.97068 22
1739651418560 0.99904 23
1739651420414 0.97841 24
1739651422321 0.99806 25
1739651424209 0.99656 26
1739651426123 0.99579 27
1739651428029 0.99717 28
1739651429868 0.99812 29
1739651431683 0.99826 30
1739651433612 0.99801 31
1739651435489 0.99805 32
1739651437429 0.99802 33
1739651439237 0.99757 34
1739651441151 0.99768 35
1739651442981 0.99825 36
1739651444854 0.99825 37
1739651446875 0.99798 38
1739651448844 0.99815 39
1739651450688 0.99702 40
1739651452531 0.99487 41
1739651454399 0.99503 42
1739651456298 0.99442 43
1739651458181 0.99652 44
1739651459973 0.9971 45
1739651461833 0.99792 46
1739651463714 0.99676 47
1739651465605 0.99685 48
1739651467461 0.99743 49
1739651469388 0.99756 50
1739651471238 0.99802 51
1739651473163 0.99839 52
1739651475085 0.99851 53
1739651476981 0.99856 54
1739651478875 0.99821 55
1739651480778 0.99792 56
1739651482607 0.99811 57
1739651484418 0.9981 58
1739651486275 0.99632 59
1739651488112 0.997 60
1739651489900 0.99634 61
1739651491697 0.99418 62
1739651493528 0.99019 63
1739651495359 0.99131 64
1739651497336 0.99561 65
1739651499168 0.99699 66
1739651501067 0.99748 67
1739651503046 0.99792 68
1739651504980 0.99818 69
1739651506816 0.9984 70
1739651508623 0.9984 71
1739651510452 0.99816 72
1739651512280 0.99794 73
1739651514177 0.99663 74
1739651516053 0.99757 75
1739651517858 0.99814 76
1739651519716 0.99828 77
1739651521578 0.99805 78
1739651523543 0.99763 79
1739651525396 0.99774 80
1739651527289 0.99759 81
1739651529138 0.9972 82
1739651531036 0.99649 83
1739651532920 0.99512 84
1739651534811 0.99409 85
1739651536608 0.99365 86
1739651538542 0.99284 87
1739651540429 0.99232 88
1739651542361 0.99246 89
1739651545439 0.98913 90
1739651547423 0.99118 91
1739651549265 0.98996 92
1739651551063 0.98863 93
1739651552925 0.99134 94
1739651554743 0.99386 95
1739651556618 0.99399 96
1739651558698 0.99519 97
1739651560555 0.99625 98
1739651562368 0.99734 99
1739651565778 0.9924644044140899 99
