1739651374618 0.43062 0
1739651376679 0.75581 1
1739651378634 0.94737 2
1739651380561 0.97368 3
1739651382501 0.95442 4
1739651384492 0.97368 5
1739651386415 1.0 6
1739651388348 0.97368 7
1739651390244 0.97368 8
1739651392128 0.97368 9
1739651394051 0.97368 10
1739651395932 1.0 11
1739651397870 0.94461 12
1739651399690 0.97368 13
1739651401518 1.0 14
1739651403408 0.99884 15
1739651405321 1.0 16
1739651407204 0.99428 17
1739651409082 0.97368 18
1739651411002 1.0 19
1739651412844 1.0 20
1739651414793 1.0 21
1739651416700 1.0 22
1739651418560 1.0 23
1739651420414 0.97368 24
1739651422321 1.0 25
1739651424209 1.0 26
1739651426123 1.0 27
1739651428029 1.0 28
1739651429868 1.0 29
1739651431683 1.0 30
1739651433612 1.0 31
1739651435489 1.0 32
1739651437429 1.0 33
1739651439237 1.0 34
1739651441151 1.0 35
1739651442981 1.0 36
1739651444854 1.0 37
1739651446875 1.0 38
1739651448844 1.0 39
1739651450688 1.0 40
1739651452531 1.0 41
1739651454399 1.0 42
1739651456298 1.0 43
1739651458181 1.0 44
1739651459973 1.0 45
1739651461833 1.0 46
1739651463714 1.0 47
1739651465605 1.0 48
1739651467461 1.0 49
1739651469388 1.0 50
1739651471238 1.0 51
1739651473163 1.0 52
1739651475085 1.0 53
1739651476981 1.0 54
1739651478875 1.0 55
1739651480778 1.0 56
1739651482607 1.0 57
1739651484418 1.0 58
1739651486275 1.0 59
1739651488112 1.0 60
1739651489900 1.0 61
1739651491697 1.0 62
1739651493528 1.0 63
1739651495359 1.0 64
1739651497336 1.0 65
1739651499168 1.0 66
1739651501067 1.0 67
1739651503046 1.0 68
1739651504980 1.0 69
1739651506816 1.0 70
1739651508623 1.0 71
1739651510452 1.0 72
1739651512280 1.0 73
1739651514177 1.0 74
1739651516053 1.0 75
1739651517858 1.0 76
1739651519716 1.0 77
1739651521578 1.0 78
1739651523543 1.0 79
1739651525396 1.0 80
1739651527289 1.0 81
1739651529138 1.0 82
1739651531036 1.0 83
1739651532920 1.0 84
1739651534811 1.0 85
1739651536608 1.0 86
1739651538542 1.0 87
1739651540429 1.0 88
1739651542361 1.0 89
1739651545439 1.0 90
1739651547423 1.0 91
1739651549265 1.0 92
1739651551063 1.0 93
1739651552925 1.0 94
1739651554743 1.0 95
1739651556618 1.0 96
1739651558698 1.0 97
1739651560555 1.0 98
1739651562368 1.0 99
1739651565778 1.0 99
