1739413633647 0.87563 0
1739413635885 0.85466 1
1739413638012 0.78554 2
1739413639991 0.85982 3
1739413641917 0.76782 4
1739413643876 0.75049 5
1739413645779 0.81369 6
1739413647808 0.82685 7
1739413650142 0.76839 8
1739413652074 0.60041 9
1739413654029 0.88339 10
1739413655991 0.88277 11
1739413657935 0.88996 12
1739413659813 0.87754 13
1739413661714 0.88253 14
1739413664132 0.88853 15
1739413666182 0.88716 16
1739413668161 0.88578 17
1739413670044 0.82617 18
1739413672043 0.90661 19
1739413674182 0.88284 20
1739413676023 0.88505 21
1739413677947 0.8959 22
1739413679824 0.89324 23
1739413681687 0.88857 24
1739413684187 0.90405 25
1739413686134 0.92442 26
1739413688070 0.89077 27
1739413690000 0.89869 28
1739413691869 0.90561 29
1739413693997 0.91223 30
1739413695964 0.92447 31
1739413697854 0.90553 32
1739413699717 0.93134 33
1739413701657 0.92856 34
1739413703763 0.93785 35
1739413705659 0.92983 36
1739413707526 0.91888 37
1739413709357 0.93126 38
1739413711182 0.91846 39
1739413713028 0.92845 40
1739413714909 0.93425 41
1739413716802 0.92311 42
1739413718740 0.92841 43
1739413720653 0.9465 44
1739413722500 0.92408 45
1739413724326 0.92585 46
1739413726260 0.90235 47
1739413728166 0.93672 48
1739413730047 0.93405 49
1739413731931 0.92698 50
1739413733839 0.93023 51
1739413735762 0.90865 52
1739413738400 0.92353 53
1739413740248 0.93419 54
1739413742087 0.93558 55
1739413744000 0.94835 56
1739413746152 0.93511 57
1739413748029 0.93856 58
1739413750010 0.94197 59
1739413751839 0.94057 60
1739413753704 0.93313 61
1739413755836 0.93436 62
1739413757824 0.93854 63
1739413759713 0.9467 64
1739413761639 0.95216 65
1739413763565 0.94492 66
1739413765455 0.94421 67
1739413767452 0.95483 68
1739413769396 0.95552 69
1739413771308 0.92355 70
1739413773185 0.95324 71
1739413775069 0.95112 72
1739413777562 0.94877 73
1739413779556 0.95834 74
1739413781455 0.94421 75
1739413783368 0.9493 76
1739413785299 0.94131 77
1739413787204 0.95028 78
1739413789200 0.96048 79
1739413791106 0.95867 80
1739413792930 0.95685 81
1739413794789 0.95536 82
1739413797630 0.95717 83
1739413799552 0.94804 84
1739413801397 0.95445 85
1739413803274 0.94477 86
1739413805178 0.96418 87
1739413807077 0.96912 88
1739413809044 0.97 89
1739413812170 0.96286 90
1739413814106 0.94375 91
1739413815952 0.96526 92
1739413817768 0.95714 93
1739413819623 0.96039 94
1739413821504 0.96215 95
1739413823341 0.96075 96
1739413825188 0.95919 97
1739413826983 0.96427 98
1739413828815 0.96063 99
1739413832209 0.9700003509176165 99
