1739413633647 0.43062 0
1739413635885 0.75581 1
1739413638012 0.94737 2
1739413639991 0.97368 3
1739413641917 0.95442 4
1739413643876 0.97368 5
1739413645779 1.0 6
1739413647808 0.97368 7
1739413650142 0.97368 8
1739413652074 0.97368 9
1739413654029 0.97368 10
1739413655991 1.0 11
1739413657935 0.94461 12
1739413659813 0.97368 13
1739413661714 1.0 14
1739413664132 0.99884 15
1739413666182 1.0 16
1739413668161 0.99428 17
1739413670044 0.97368 18
1739413672043 1.0 19
1739413674182 1.0 20
1739413676023 1.0 21
1739413677947 1.0 22
1739413679824 1.0 23
1739413681687 0.97368 24
1739413684187 1.0 25
1739413686134 1.0 26
1739413688070 1.0 27
1739413690000 1.0 28
1739413691869 1.0 29
1739413693997 1.0 30
1739413695964 1.0 31
1739413697854 1.0 32
1739413699717 1.0 33
1739413701657 1.0 34
1739413703763 1.0 35
1739413705659 1.0 36
1739413707526 1.0 37
1739413709357 1.0 38
1739413711182 1.0 39
1739413713028 1.0 40
1739413714909 1.0 41
1739413716802 1.0 42
1739413718740 1.0 43
1739413720653 1.0 44
1739413722500 1.0 45
1739413724326 1.0 46
1739413726260 1.0 47
1739413728166 1.0 48
1739413730047 1.0 49
1739413731931 1.0 50
1739413733839 1.0 51
1739413735762 1.0 52
1739413738400 1.0 53
1739413740248 1.0 54
1739413742087 1.0 55
1739413744000 1.0 56
1739413746152 1.0 57
1739413748029 1.0 58
1739413750010 1.0 59
1739413751839 1.0 60
1739413753704 1.0 61
1739413755836 1.0 62
1739413757824 1.0 63
1739413759713 1.0 64
1739413761639 1.0 65
1739413763565 1.0 66
1739413765455 1.0 67
1739413767452 1.0 68
1739413769396 1.0 69
1739413771308 1.0 70
1739413773185 1.0 71
1739413775069 1.0 72
1739413777562 1.0 73
1739413779556 1.0 74
1739413781455 1.0 75
1739413783368 1.0 76
1739413785299 1.0 77
1739413787204 1.0 78
1739413789200 1.0 79
1739413791106 1.0 80
1739413792930 1.0 81
1739413794789 1.0 82
1739413797630 1.0 83
1739413799552 1.0 84
1739413801397 1.0 85
1739413803274 1.0 86
1739413805178 1.0 87
1739413807077 1.0 88
1739413809044 1.0 89
1739413812170 1.0 90
1739413814106 1.0 91
1739413815952 1.0 92
1739413817768 1.0 93
1739413819623 1.0 94
1739413821504 1.0 95
1739413823341 1.0 96
1739413825188 1.0 97
1739413826983 1.0 98
1739413828815 1.0 99
1739413832209 1.0 99
