1739651622691 0.00015000000000000001 0
1739651624827 0.00030940625 1
1739651626917 0.000465595 2
1739651628926 0.00061856625 3
1739651630827 0.00076832 4
1739651632883 0.0009148562499999999 5
1739651634864 0.001058175 6
1739651636758 0.001163375 7
1739651638716 0.0011510000000000001 8
1739651640658 0.001138625 9
1739651642633 0.00112625 10
1739651644604 0.001113875 11
1739651646554 0.0011015 12
1739651648494 0.001089125 13
1739651650400 0.00107675 14
1739651652361 0.001064375 15
1739651654210 0.001052 16
1739651656084 0.001039625 17
1739651658012 0.0010272500000000002 18
1739651659965 0.0010148750000000002 19
1739651661865 0.0010025000000000001 20
1739651663772 0.0009901250000000001 21
1739651665741 0.00097775 22
1739651667751 0.000965375 23
1739651669602 0.000953 24
1739651671420 0.000940625 25
1739651673258 0.00092825 26
1739651675166 0.000915875 27
1739651677068 0.0009035 28
1739651678935 0.000891125 29
1739651680850 0.00087875 30
1739651682813 0.000866375 31
1739651684691 0.0008539999999999999 32
1739651686604 0.0008416249999999999 33
1739651688510 0.0008292499999999999 34
1739651690399 0.000816875 35
1739651692234 0.0008045000000000001 36
1739651694125 0.0007921250000000001 37
1739651696050 0.0007797500000000001 38
1739651698023 0.000767375 39
1739651699875 0.000755 40
1739651701869 0.0007426250000000001 41
1739651703844 0.0007302500000000001 42
1739651705676 0.0007178750000000001 43
1739651707534 0.0007055000000000001 44
1739651709488 0.0006931250000000001 45
1739651711388 0.0006807500000000001 46
1739651713307 0.0006683750000000001 47
1739651715276 0.0006560000000000001 48
1739651717142 0.000643625 49
1739651719106 0.00063125 50
1739651721053 0.000618875 51
1739651722890 0.0006064999999999999 52
1739651724818 0.000594125 53
1739651726723 0.00058175 54
1739651728648 0.000569375 55
1739651730513 0.000557 56
1739651732388 0.0005446250000000001 57
1739651734325 0.0005322500000000001 58
1739651736258 0.000519875 59
1739651738128 0.0005075 60
1739651740028 0.000495125 61
1739651741958 0.00048275 62
1739651743866 0.00047037500000000004 63
1739651745765 0.000458 64
1739651747655 0.000445625 65
1739651749576 0.00043325 66
1739651751508 0.0004208749999999999 67
1739651753423 0.0004085 68
1739651755263 0.0003961250000000001 69
1739651757162 0.0003837500000000001 70
1739651759008 0.00037137500000000007 71
1739651760830 0.000359 72
1739651762687 0.0003466250000000001 73
1739651764579 0.00033425 74
1739651766505 0.000321875 75
1739651768399 0.0003095 76
1739651770387 0.000297125 77
1739651772330 0.00028474999999999996 78
1739651774239 0.000272375 79
1739651776134 0.00026 80
1739651778056 0.0002476249999999999 81
1739651779967 0.00023525000000000008 82
1739651781832 0.00022287500000000006 83
1739651783728 0.00021050000000000008 84
1739651785659 0.00019812500000000003 85
1739651787551 0.00018575000000000002 86
1739651789489 0.00017337500000000003 87
1739651791354 0.000161 88
1739651793246 0.00014862499999999997 89
1739651796523 0.00013624999999999998 90
1739651798536 0.00012387499999999996 91
1739651800412 0.00011149999999999995 92
1739651802297 9.912499999999993e-05 93
1739651804186 8.675000000000006e-05 94
1739651806042 7.437500000000006e-05 95
1739651807937 6.200000000000006e-05 96
1739651809860 4.9625000000000034e-05 97
1739651811713 3.7250000000000025e-05 98
1739651813622 2.4875000000000012e-05 99
