1739651622691 0.63922 0
1739651624827 0.57474 1
1739651626917 0.54416 2
1739651628926 0.53043 3
1739651630827 0.53554 4
1739651632883 0.53174 5
1739651634864 0.53157 6
1739651636758 0.53225 7
1739651638716 0.51484 8
1739651640658 0.50897 9
1739651642633 0.48482 10
1739651644604 0.48871 11
1739651646554 0.49668 12
1739651648494 0.48694 13
1739651650400 0.47974 14
1739651652361 0.48686 15
1739651654210 0.48927 16
1739651656084 0.48541 17
1739651658012 0.47238 18
1739651659965 0.44683 19
1739651661865 0.45632 20
1739651663772 0.4697 21
1739651665741 0.48001 22
1739651667751 0.47391 23
1739651669602 0.45196 24
1739651671420 0.44257 25
1739651673258 0.44757 26
1739651675166 0.44535 27
1739651677068 0.44429 28
1739651678935 0.43927 29
1739651680850 0.43699 30
1739651682813 0.45322 31
1739651684691 0.42081 32
1739651686604 0.44192 33
1739651688510 0.43876 34
1739651690399 0.43051 35
1739651692234 0.45018 36
1739651694125 0.43109 37
1739651696050 0.43137 38
1739651698023 0.42802 39
1739651699875 0.41733 40
1739651701869 0.41678 41
1739651703844 0.41577 42
1739651705676 0.4239 43
1739651707534 0.41567 44
1739651709488 0.40321 45
1739651711388 0.42223 46
1739651713307 0.41282 47
1739651715276 0.40748 48
1739651717142 0.41351 49
1739651719106 0.41063 50
1739651721053 0.41088 51
1739651722890 0.41232 52
1739651724818 0.39944 53
1739651726723 0.39897 54
1739651728648 0.39605 55
1739651730513 0.41216 56
1739651732388 0.39598 57
1739651734325 0.4058 58
1739651736258 0.38961 59
1739651738128 0.38717 60
1739651740028 0.3913 61
1739651741958 0.38166 62
1739651743866 0.37833 63
1739651745765 0.38079 64
1739651747655 0.39653 65
1739651749576 0.37891 66
1739651751508 0.38194 67
1739651753423 0.3921 68
1739651755263 0.39927 69
1739651757162 0.38559 70
1739651759008 0.37869 71
1739651760830 0.38296 72
1739651762687 0.37845 73
1739651764579 0.37982 74
1739651766505 0.37024 75
1739651768399 0.35846 76
1739651770387 0.38558 77
1739651772330 0.36671 78
1739651774239 0.3613 79
1739651776134 0.3658 80
1739651778056 0.35891 81
1739651779967 0.35667 82
1739651781832 0.36581 83
1739651783728 0.35191 84
1739651785659 0.37361 85
1739651787551 0.34672 86
1739651789489 0.35891 87
1739651791354 0.36072 88
1739651793246 0.34802 89
1739651796523 0.3157 90
1739651798536 0.31382 91
1739651800412 0.31011 92
1739651802297 0.30705 93
1739651804186 0.31127 94
1739651806042 0.30578 95
1739651807937 0.30885 96
1739651809860 0.30414 97
1739651811713 0.30401 98
1739651813622 0.30249 99
