1739651622691 3.06779 0
1739651624827 1.3559 1
1739651626917 0.87407 2
1739651628926 0.69505 3
1739651630827 0.65199 4
1739651632883 0.63419 5
1739651634864 0.61038 6
1739651636758 0.59171 7
1739651638716 0.57547 8
1739651640658 0.57364 9
1739651642633 0.52662 10
1739651644604 0.5184 11
1739651646554 0.51174 12
1739651648494 0.49927 13
1739651650400 0.48438 14
1739651652361 0.49391 15
1739651654210 0.47673 16
1739651656084 0.48907 17
1739651658012 0.44173 18
1739651659965 0.42211 19
1739651661865 0.41745 20
1739651663772 0.43204 21
1739651665741 0.42059 22
1739651667751 0.40824 23
1739651669602 0.4105 24
1739651671420 0.39509 25
1739651673258 0.40412 26
1739651675166 0.39227 27
1739651677068 0.37101 28
1739651678935 0.36682 29
1739651680850 0.36843 30
1739651682813 0.37481 31
1739651684691 0.35785 32
1739651686604 0.36464 33
1739651688510 0.35287 34
1739651690399 0.35939 35
1739651692234 0.36451 36
1739651694125 0.3507 37
1739651696050 0.34101 38
1739651698023 0.34591 39
1739651699875 0.33294 40
1739651701869 0.33664 41
1739651703844 0.32999 42
1739651705676 0.3398 43
1739651707534 0.32581 44
1739651709488 0.31451 45
1739651711388 0.32786 46
1739651713307 0.31447 47
1739651715276 0.31187 48
1739651717142 0.31515 49
1739651719106 0.30711 50
1739651721053 0.30922 51
1739651722890 0.30324 52
1739651724818 0.29461 53
1739651726723 0.2901 54
1739651728648 0.28894 55
1739651730513 0.29517 56
1739651732388 0.29649 57
1739651734325 0.28694 58
1739651736258 0.27895 59
1739651738128 0.2794 60
1739651740028 0.27964 61
1739651741958 0.2777 62
1739651743866 0.26912 63
1739651745765 0.27011 64
1739651747655 0.27308 65
1739651749576 0.27152 66
1739651751508 0.27187 67
1739651753423 0.27049 68
1739651755263 0.28081 69
1739651757162 0.26918 70
1739651759008 0.25484 71
1739651760830 0.26112 72
1739651762687 0.2622 73
1739651764579 0.25962 74
1739651766505 0.253 75
1739651768399 0.25356 76
1739651770387 0.2666 77
1739651772330 0.24876 78
1739651774239 0.24423 79
1739651776134 0.25116 80
1739651778056 0.2422 81
1739651779967 0.24033 82
1739651781832 0.24225 83
1739651783728 0.2369 84
1739651785659 0.24815 85
1739651787551 0.23576 86
1739651789489 0.24492 87
1739651791354 0.24013 88
1739651793246 0.23684 89
1739651796523 0.20988 90
1739651798536 0.2043 91
1739651800412 0.20912 92
1739651802297 0.20006 93
1739651804186 0.20442 94
1739651806042 0.19804 95
1739651807937 0.20028 96
1739651809860 0.19959 97
1739651811713 0.19609 98
1739651813622 0.19353 99
