1739651622691 0.99438 0
1739651624827 0.94546 1
1739651626917 0.92357 2
1739651628926 0.91359 3
1739651630827 0.91202 4
1739651632883 0.91318 5
1739651634864 0.90565 6
1739651636758 0.90693 7
1739651638716 0.8974 8
1739651640658 0.91234 9
1739651642633 0.89398 10
1739651644604 0.89772 11
1739651646554 0.90288 12
1739651648494 0.89171 13
1739651650400 0.89633 14
1739651652361 0.89145 15
1739651654210 0.88628 16
1739651656084 0.89573 17
1739651658012 0.89271 18
1739651659965 0.88112 19
1739651661865 0.87243 20
1739651663772 0.89136 21
1739651665741 0.88556 22
1739651667751 0.88241 23
1739651669602 0.88838 24
1739651671420 0.87633 25
1739651673258 0.88616 26
1739651675166 0.87973 27
1739651677068 0.87703 28
1739651678935 0.8771 29
1739651680850 0.8792 30
1739651682813 0.88487 31
1739651684691 0.86815 32
1739651686604 0.87199 33
1739651688510 0.87546 34
1739651690399 0.88567 35
1739651692234 0.88457 36
1739651694125 0.87066 37
1739651696050 0.87145 38
1739651698023 0.88221 39
1739651699875 0.86819 40
1739651701869 0.87003 41
1739651703844 0.86312 42
1739651705676 0.8679 43
1739651707534 0.86028 44
1739651709488 0.86385 45
1739651711388 0.87357 46
1739651713307 0.87331 47
1739651715276 0.856 48
1739651717142 0.8695 49
1739651719106 0.86354 50
1739651721053 0.865 51
1739651722890 0.87253 52
1739651724818 0.86381 53
1739651726723 0.86518 54
1739651728648 0.85746 55
1739651730513 0.86673 56
1739651732388 0.8524 57
1739651734325 0.86311 58
1739651736258 0.86035 59
1739651738128 0.86474 60
1739651740028 0.86649 61
1739651741958 0.86183 62
1739651743866 0.85965 63
1739651745765 0.85725 64
1739651747655 0.87113 65
1739651749576 0.85468 66
1739651751508 0.86109 67
1739651753423 0.86305 68
1739651755263 0.86194 69
1739651757162 0.85101 70
1739651759008 0.85208 71
1739651760830 0.85657 72
1739651762687 0.855 73
1739651764579 0.85021 74
1739651766505 0.85653 75
1739651768399 0.84902 76
1739651770387 0.87492 77
1739651772330 0.85659 78
1739651774239 0.84635 79
1739651776134 0.8531 80
1739651778056 0.85436 81
1739651779967 0.85558 82
1739651781832 0.86235 83
1739651783728 0.84457 84
1739651785659 0.85538 85
1739651787551 0.84852 86
1739651789489 0.85175 87
1739651791354 0.85292 88
1739651793246 0.84691 89
1739651796523 0.81464 90
1739651798536 0.81857 91
1739651800412 0.81608 92
1739651802297 0.82221 93
1739651804186 0.81263 94
1739651806042 0.8114 95
1739651807937 0.81208 96
1739651809860 0.81682 97
1739651811713 0.81014 98
1739651813622 0.80674 99
